1000
7161
4423
1179
5219
5677
2602
1205
1284
2184
6678
1259
3713
6828
1829
9009
7190
2123
9358
2707
874
4767
1958
783
8023
24
633
948
9101
8423
6746
233
7734
3900
3639
3826
8477
1611
4705
3662
2347
1796
810
468
6338
6643
2096
8848
5182
2885
7225
6168
7545
4588
8319
7619
2798
5188
8046
4972
6080
2615
7099
5700
5020
3166
680
5078
6907
4138
6229
6863
9693
866
3177
8990
1299
4349
2482
2040
9211
9394
121
7102
5185
4094
617
595
8996
9334
9217
2217
535
5294
2648
7004
3913
8105
1537
2385
5735
5777
2271
5408
4944
570
4603
5311
3466
2898
6163
2785
8259
4588
1893
7696
2666
6557
7229
5542
5615
2582
3675
2290
1833
1011
697
5961
9926
4211
2379
2667
3016
7786
7255
823
7246
2739
6087
161
5008
8442
9037
516
528
9289
2726
3443
7229
6753
322
6916
3641
171
8355
879
477
3055
4037
1315
9484
7637
6781
1690
2406
2923
5556
6030
2190
1558
502
348
8157
1404
6325
1592
8968
9442
1284
7617
8944
5425
4785
4406
3273
7998
2066
5913
1501
8986
4788
4275
8225
1351
4656
1304
4857
2685
879
1948
9047
6331
5359
5991
6282
8178
1510
8229
7445
574
8102
2337
5180
2054
7602
9091
8391
8775
6560
4167
5536
6796
5023
7440
1007
8977
4395
8364
2456
2839
5183
8122
1843
1482
5579
522
45
9426
790
6180
6269
1639
8357
4731
1674
3161
5708
4515
4859
8638
2692
5729
6046
4285
6142
338
4669
6490
3495
3039
4589
2355
1453
3791
5513
6555
3489
5149
8480
1781
7997
4284
3274
8403
9096
776
2528
8463
8136
5614
7757
539
5959
8463
4863
9684
568
2193
9730
4988
4092
1575
9007
1703
929
5123
5281
3446
8826
7161
7913
3379
1380
9381
9971
4524
3080
1455
3608
9187
3869
7021
8613
5317
7568
778
3883
8266
3446
9158
5928
685
1265
767
759
2860
8642
5214
1747
1938
430
4389
5810
8323
8515
6935
1552
6008
2172
2136
4681
5292
1220
5831
8171
8933
7832
2697
5066
8503
9248
1545
4982
2150
3663
716
8795
6538
3416
6857
263
1400
84
5209
9698
7759
5233
4875
729
9520
2877
2124
42
5473
6756
4997
3623
2467
8934
9253
8741
5907
701
2128
9524
8606
1181
6536
3828
2185
6796
7003
8166
4624
1444
4077
4400
6029
3927
5288
3893
1307
4643
642
7893
5467
5302
8238
6913
9351
8771
6020
5298
1958
1557
613
9706
3327
52
2186
4938
753
2422
2301
3702
1218
8343
5994
8646
8982
9708
2727
3886
2739
8789
1922
961
8674
2705
2362
897
905
4343
4656
3498
4103
3825
5327
9360
5775
1147
7706
6806
1929
1117
789
9872
5909
3717
6504
8459
1202
4249
3135
5532
7534
8508
5204
342
1070
4142
2177
3184
8032
2825
129
9398
6831
3305
9831
8766
2232
8283
5377
4174
4138
8570
8509
589
1315
3446
1693
2695
1545
7478
9384
101
2837
7167
4113
4428
6295
1973
6652
2292
2294
497
5181
7420
7830
9588
4611
2956
9632
4380
6326
7388
7308
420
7357
51
5170
2512
9267
5810
4834
346
6810
850
2608
8311
7280
2747
5028
3421
1682
1494
7601
9352
8638
2054
6292
7755
7085
7874
4495
5301
2225
9622
103
1636
1691
5068
331
1614
6401
7860
1862
7597
4910
1947
5927
1819
9418
7659
6687
5663
4555
511
218
7718
9868
618
5681
3909
6061
4217
1231
6014
5291
4118
2691
2674
5569
8270
6470
5014
1887
8965
3229
2233
107
2312
9761
3284
3014
6052
2190
5202
560
8278
7064
4098
8781
1570
5429
715
2810
6359
3830
1664
3819
5250
1207
7781
4439
4899
9450
5457
5062
2077
9967
5507
2985
82
6200
7401
3868
8718
2890
1263
3608
178
9109
7173
1371
5125
935
6325
8300
662
9710
9267
3881
1924
3293
9462
6211
481
9185
9254
269
5749
4612
8005
9361
9839
6914
3507
6628
3745
2714
9629
75
813
3511
4727
1405
2634
1872
2682
2123
2700
3101
8782
4862
4179
5323
1244
2959
1458
1777
1197
3469
1363
3972
263
3674
9849
1464
6650
5415
4822
6024
7109
497
3998
7015
4719
5964
8283
2184
7219
1872
8963
8892
2042
2225
2119
7946
447
3683
9021
4611
9648
1164
368
822
7681
5596
5894
7297
8213
1500
1235
8682
1535
2339
5533
1485
6981
975
9087
711
9463
994
3457
8786
2751
1978
5912
7777
5417
7077
5274
1263
8676
2100
8117
6675
74
3424
1904
1447
6989
2859
9570
825
3458
9993
9361
1137
1522
4606
2126
4404
8895
8169
3872
681
4788
5137
4094
7402
2752
3231
7073
4893
4228
2173
1720
7315
2122
685
2094
6064
1945
1853
4777
8557
8295
313
9716
8075
2990
1106
2848
5113
1554
9005
9879
3751
2209
4335
8033
6443
76
232
4954
3780
6886
2285
3891
1726
1226
2299
8823
3958
6690
1385
4642
3950
1413
1549
1741
9522
672
801
6765
4492
1737
503
2061
3365
5407
9979
1929
494
8806
2025
4205
8558
7410
8350
8476
396
1346
2883
9205
1983
6703
6599
9779
6115
4741
1644
9797
2288
1265
9029
4989
4630
7531
2127
1292
4475
7718
5790
2814
3881
5846
5016
3794
513
5665
3432
1085
852
1929
3980
4031
3188
7641
7024
3638
134
8462
2702
7458
6603
8872
9974
1465
4655
8049
267
1051
4385
7117
8798
552
2436
7427
2543
1905
518
7227
65
3997
3823
6216
4062
6077
204
9800
7195
2498
2589
3785
9292
285
6747
6702
5595
2967
2431
7891
5477
642
1054
6221
3813
7840
3497
5270
7638
402
7333
4007
9635
1252
6005
1238
8529
7335
5249
8115
7728
1007
6033
5709
7373
286
3194
907
3932
9104
1789
8216
8004
4745
2028
5054
1723
5740
366
9350
4724
1438
9301
862
4069
8026
1134
6748
2478
3477
1193
7699
9783
8341
4522
4723
5370
3150
463
2278
8033
2317
834
8440
2257
2792
2737
5511
6727
2613
5085
6204
7921
8075
