100
135
972
106
321
697
188
73
934
163
94
442
361
557
530
311
325
187
28
829
285
747
183
736
442
505
467
88
367
784
505
994
480
756
494
57
72
933
559
798
667
431
421
670
67
960
385
179
775
330
273
662
624
361
146
659
886
263
289
997
131
703
605
836
102
238
903
148
379
112
454
377
496
514
668
639
35
580
444
326
786
514
656
286
819
803
918
63
638
377
507
165
704
978
659
730
833
222
631
972
816
