10000
8059
12183
6156
14082
10513
7745
29700
19572
2284
18779
4344
8215
32454
17607
31246
31754
10640
31677
21870
30307
27995
3869
6473
25120
28792
28163
4634
19553
29662
23708
7723
22996
2765
23865
16987
6256
30129
12194
31776
6502
9289
23213
29896
26452
8968
29711
31236
11452
30652
6769
24486
7862
12653
21959
11946
32737
12168
20957
17779
20383
25661
10034
19800
31106
5669
9738
10591
6401
25896
22463
16968
9584
5790
10840
21454
6703
27828
31324
7977
28449
3345
28393
9943
30047
15034
23552
22428
27694
26419
7971
17096
25135
24296
10786
19896
14038
5323
12338
31391
20509
20797
10559
11911
22650
18482
8067
6290
6414
23184
31576
7814
17439
1753
16714
29320
17352
19722
30321
13864
24815
2499
7934
20126
22136
3239
2835
20051
9400
28166
26072
6052
14637
26554
15051
7394
15980
13646
25943
24989
10330
16230
7849
8482
20639
5722
7615
15938
14168
37
32193
24661
15372
7550
24213
24959
25314
27204
29614
29234
31249
7455
29988
5620
13207
10853
9994
23907
1838
28218
27388
374
28796
16892
4087
17413
23946
222
21613
14732
24951
16338
20121
24620
32622
15533
12049
10226
8661
18565
4506
20572
4551
12638
20543
16153
709
28422
3237
13329
1704
5950
25497
32421
32218
23834
32491
6200
22470
8107
31103
18414
14221
19419
18849
13235
20731
5527
9625
640
4537
19508
5759
29657
27332
19979
11601
4251
19997
24423
3651
22772
13507
26786
18006
5043
16606
24458
7980
8898
20541
24585
25883
240
4866
14342
21376
19700
31388
27270
6998
1455
5366
28183
14343
23474
10222
10862
1665
15360
8457
31055
21133
30741
11621
11949
20060
12071
3567
27667
10339
23723
31701
17218
13162
12315
12607
27676
21727
4599
27194
4544
11631
31242
29172
31479
12248
31470
4143
4559
6648
9938
27376
3717
1066
12667
12407
18856
31443
29577
7540
31100
22072
13052
13176
24221
17555
21750
13226
9188
14949
23746
12731
30094
15629
23574
21276
5019
15258
14485
3694
25461
27102
27288
32570
17618
20931
6446
8674
11739
3811
14178
3031
21134
26706
1724
29709
23393
15550
8970
8108
28456
29883
31583
1801
5176
28504
23645
18132
11469
7414
28592
12691
4777
15450
21723
5454
5630
28160
14135
2444
25486
4530
1336
22911
5649
8794
11507
24188
30423
1045
477
24238
12718
30856
12246
17418
6
11639
24422
16261
3923
6547
28486
11397
9907
7060
26402
18582
20433
3976
1949
4959
1801
20075
7062
27348
14029
19447
28329
14253
583
18109
3321
15894
9023
15989
12333
26280
24384
9363
32185
5016
22518
31515
31327
22062
15067
21941
22261
6265
5139
28932
31336
3906
18579
21556
27905
2110
31625
12498
2279
26759
25336
29921
5094
28493
20387
17194
9838
4297
27693
17875
991
32115
30590
3891
18435
10613
32361
31973
3548
26719
22667
20763
29601
28956
27766
30261
8195
24101
32527
8339
11444
32244
4660
17063
6698
1980
5794
1870
12449
2135
29974
18016
29279
7040
12979
10117
827
17730
13476
26443
10592
32688
26370
29302
19279
20695
19192
19352
3875
31985
12325
28385
32537
10460
7489
10295
22351
202
11268
3977
24780
14137
23619
8033
32193
28710
8797
6585
19214
27773
13525
12048
31496
2517
23872
7101
19834
27226
20578
12162
18666
22794
20884
29540
6429
15909
9576
25018
14045
14302
6032
25733
15609
11095
6140
3583
3726
25036
13123
16247
12933
1551
27204
12891
2141
5684
11533
6039
14890
7565
31996
16669
4062
19161
31267
2501
1992
14008
24561
28504
22618
28258
13583
4839
16175
5785
12937
4962
16717
15068
9774
30310
16551
7390
21561
4949
2790
6198
7217
13484
17768
28248
25869
25489
23177
3780
5276
4524
19490
12157
5668
5432
3920
18877
13386
11098
21879
20199
18993
29873
26246
10685
4070
8238
28796
24531
1532
14374
28715
26435
17523
17829
5947
1187
12511
15878
21363
17716
24517
28352
23348
26972
9545
23427
25414
21335
6406
17028
25048
20009
4414
15125
705
16599
22835
8824
12556
8662
9940
19189
22964
16068
5020
8490
19372
11350
7352
15267
22818
29330
28264
2218
7685
18750
32423
3680
4037
30872
15118
28941
14938
12871
19958
13237
20103
30354
16093
26348
25952
22992
29195
14826
7434
15903
19316
8674
29378
21849
30945
2960
32288
32580
10059
19218
29085
22537
10119
15864
1108
2792
17961
21406
10501
15657
23202
28602
13919
9558
20907
23345
25727
8871
14055
14127
17332
26814
451
9846
4229
5012
10658
8438
2293
14260
17719
9630
9989
17063
14641
15987
25723
16303
14878
2783
27618
21688
9609
17483
23250
2955
30310
28912
31089
15173
22705
14569
2874
9735
8273
4493
7421
7920
10050
13053
29735
19528
22259
3065
836
23038
24813
10232
1986
12373
27318
15223
13560
730
12533
19089
4199
19353
26070
7632
25407
1680
20144
31043
25893
16740
25830
18896
1075
21331
32267
15564
28224
20842
16201
30153
16226
4856
24579
22191
31154
23106
32697
3599
10831
30072
4908
24499
24486
27624
11459
23418
21744
2930
9262
30307
30459
27196
24905
14823
9774
12455
20035
32140
22984
16257
13567
24247
2152
1660
3002
27329
31186
7902
29935
12110
26096
32379
30327
9434
1303
22240
11253
10133
30092
29906
30833
29297
6727
13303
31555
20601
22262
23250
19507
30820
19781
29429
17118
18026
32605
29041
19804
18518
31658
17298
6687
20445
30178
5065
6430
32558
28995
23274
6195
970
24604
4503
32450
29590
23694
5628
27804
46
24212
6590
16419
29821
4929
11309
18350
12427
14665
13505
8751
6037
9923
29124
4883
9315
23597
20300
19817
6102
18609
10860
31303
30145
9126
21675
32361
17401
32602
27573
17180
16304
30991
22865
1626
31998
10819
3987
30263
9409
16181
21843
7036
17575
22180
14046
22417
25993
3802
28394
31136
23547
25577
23504
12023
1825
17205
21749
21166
29124
30770
29833
24714
2468
22127
10613
3874
24848
17620
9614
21824
11957
3624
31759
24202
32692
6869
1094
13154
20471
30704
21645
6154
31940
20340
27004
26380
17810
13774
19805
27353
20252
28831
21472
31408
23733
6845
15889
24257
13275
18811
23174
16275
24078
5930
30173
9379
15587
14047
12134
17998
9300
30071
1564
14064
28506
19417
12762
10062
17086
26235
7371
18993
29227
17960
4387
6996
15241
24064
28428
3456
19590
21184
32483
25590
18037
16195
13221
15117
13404
8777
29092
1052
10056
22904
11647
30874
27876
19872
30544
18564
5194
13379
17959
2047
13593
2645
6072
8255
11464
11328
14416
18343
17978
12075
18190
17714
32658
24444
19023
785
25160
2203
26730
13462
8573
27129
6302
4944
29323
32082
24648
30584
21473
29231
28761
20363
13838
686
14088
15161
15131
1413
14788
19838
30
24901
19309
14863
9484
17628
29379
29175
1743
18782
5407
29570
24472
24837
14689
20826
16759
14198
30505
13552
7977
26437
26186
24605
22321
10428
8827
29194
29994
24024
14160
29517
7515
8085
2153
27988
22156
12395
2538
4359
9752
30745
23850
12457
12868
27809
9648
4351
24271
3220
10843
21941
6090
20111
5856
3325
16042
10758
29050
7801
28060
7488
6364
8539
1304
21667
24171
24011
14265
22322
4266
32137
2124
23636
2549
12243
28199
11991
6003
17545
5052
16692
19526
655
25453
22293
5380
15731
22178
26644
8043
28239
15129
8134
27216
21489
25214
7928
4569
24122
28732
25144
11244
26820
14738
29080
18663
2247
27625
15790
27794
29246
28005
19935
4946
14405
11194
9182
6047
27846
19777
30831
2999
25428
30795
13681
23444
6999
9397
20763
19228
5482
11196
28294
9369
6145
2579
26475
11112
10063
2099
9007
9973
13415
15603
24348
6631
18337
7768
19442
31127
10815
5294
9374
31175
21328
17367
8777
16529
7125
32484
29076
5789
32291
6626
3362
26519
25736
3574
8536
9952
19249
9133
23904
27780
14667
6029
21876
24173
21865
27888
23129
14806
6438
25362
27177
4354
26635
16488
7766
4397
3507
26675
15084
25795
26412
28246
17174
1488
15265
7524
14052
5303
2102
8958
24139
1832
17204
22108
17774
17228
23142
19753
19995
31554
28867
12948
31385
23759
8012
5284
21921
26961
15672
7115
7082
2549
29519
24767
2410
13354
7828
21637
29593
12886
17958
28366
3064
25799
10344
5767
30610
3820
9056
30892
6721
1221
31837
16733
15221
19608
19165
27443
26673
2278
2733
6356
13910
16029
6482
11461
19748
19343
8872
4992
22270
8483
16585
29639
16493
5962
21296
14647
26728
27573
20767
11552
9683
16710
6973
4500
17989
13252
4228
29374
27150
21458
27226
8821
24953
7970
9214
4625
28494
18662
28966
32382
5275
26247
2023
8847
18868
21658
16852
25492
18553
26640
22634
11310
19415
16300
16556
26978
26770
18875
27146
24045
25409
20991
25735
16343
10138
11244
12827
21579
17647
19735
18262
32166
5113
27627
32583
28622
27093
30365
1692
32453
31820
30307
522
15230
23383
13025
29680
21231
9186
10724
9527
25447
20433
12115
5500
15394
18241
18787
13937
15131
5904
7433
30336
15649
28831
32437
24242
21549
22230
31549
18384
14323
7273
27927
27336
9399
5978
29132
20561
7266
11712
21417
25554
15829
8134
15288
11648
9853
13046
16367
30663
4647
8888
8614
25580
11542
31253
20559
12784
19539
15041
1121
16311
69
30041
1685
874
13697
14057
30549
1305
22499
28593
10865
7077
11230
14121
27413
28893
21008
4418
15352
4327
10522
6383
26581
2274
430
13284
30239
22729
22762
13213
22513
15514
3300
1955
24900
4280
16262
25867
25188
21902
23452
1855
30117
5750
28715
28161
21841
14297
22020
15532
19942
28823
21402
7869
8318
29353
13073
21907
27023
1797
32407
21363
24532
8385
22263
1999
32651
11132
6251
16584
30177
6394
16818
17905
24747
29198
20835
4182
13910
28349
3457
17341
27169
22944
26959
19755
8329
17034
32102
19114
2053
17515
17924
8266
10740
25204
7079
24166
18388
16508
6619
23848
6324
15011
26704
12623
31468
8245
6703
24112
28171
5585
6062
26875
26897
25290
17891
12608
24799
11725
24789
12978
4843
27844
15321
5162
26680
3067
23580
10223
1158
4225
8572
16692
21958
14802
29084
738
14288
26290
6455
2968
88
16732
22452
8944
1822
30428
18683
19461
32358
32186
8584
24882
12200
12248
28861
7452
28808
15261
23933
13554
25608
12371
4342
26611
23549
10702
17342
10289
28352
24399
8482
16533
5413
6568
29883
7204
25777
21664
22082
4736
14855
3992
18340
23986
26532
4463
31065
7462
15564
9124
10482
2551
30916
2234
19954
16494
32322
12769
2271
17093
23330
30674
2201
6448
30810
23291
23018
13086
1584
3804
21853
28091
30891
21681
8020
25530
10311
26961
28245
27219
27372
2646
2981
24455
14625
22142
16920
11691
13182
3409
12071
10276
7263
29188
10819
9584
6624
21918
13929
31334
21509
3161
12791
15038
17208
21067
14526
25299
17145
25413
27736
20136
15569
18940
5819
8745
32647
10854
23311
1716
5783
2919
26813
25048
13792
25517
25801
26973
3485
28121
32097
14468
6806
2015
23478
19087
18072
8623
26634
32388
27938
32533
5130
2095
6241
20701
8031
29286
2654
26940
2688
5777
26231
3947
11210
11625
3852
13973
6866
23807
2938
7155
26106
26624
2637
4150
17986
25144
21425
28709
17761
3670
16426
4231
2581
18671
1925
8515
16055
9413
31759
19398
17938
7240
1540
4261
12917
31837
29514
10371
13063
27743
28511
27702
27483
14179
14225
2085
26948
15041
24429
32500
11499
7632
14713
16228
30494
14064
14374
20852
20971
16846
23296
24269
1902
19171
31784
6748
31463
29758
4612
19265
6159
30596
14645
32488
19629
2357
6857
9845
16484
304
690
9062
16079
27770
14967
1907
2000
27707
31786
3001
31268
1545
4506
792
19515
18793
29641
19418
18247
28307
32417
1173
14484
21110
3298
2130
3351
29692
4191
30190
19273
22159
31338
18113
24374
28124
2189
14462
27856
30423
18811
3674
7306
25087
28229
28017
5666
13027
15313
22629
7614
30949
12425
3656
1851
17726
12880
20668
29634
16962
22714
21848
3484
20453
10108
26190
13895
18815
19745
30283
23241
22732
14847
11167
25156
31287
9066
9886
27339
5720
18215
1862
18548
21691
803
30242
31406
3043
5477
13421
3029
29326
6210
30587
3844
30267
3792
4949
12331
23274
5533
14500
2657
2083
2976
18896
14459
10041
18287
2920
21469
30416
11443
13253
21904
30621
13785
7658
3477
22125
17931
9135
9337
14185
22367
25375
23338
18072
22862
29470
32009
12709
21351
19279
14400
28387
8260
25396
20566
30094
21694
19607
24321
19284
10077
19753
5947
2835
27666
15210
16023
18661
30761
8904
20694
30554
633
29451
437
12804
21470
16112
4362
4409
23529
19988
9487
27412
32213
1556
7934
9661
10685
28403
7646
32490
5645
22204
9116
27814
11575
22632
4189
31570
935
18945
26643
19689
27128
22024
5710
7560
28520
17429
9302
28973
26761
13501
5494
20158
20026
21688
23962
11342
2262
19267
9757
28829
31659
26564
21724
11741
25774
21165
2447
31164
25708
17826
1369
1694
16964
3806
12445
25130
16596
25555
13076
32009
5809
18192
21020
24554
24411
1384
2387
12746
6256
3665
4453
29554
32543
11146
18722
5185
25056
23553
13524
17451
14946
22003
1999
9986
9157
29781
27721
19700
266
4979
32108
5206
26568
8407
10154
22688
8992
25196
25425
4792
25330
14563
32095
20083
27473
24918
25239
6489
22581
31275
8404
20136
18800
20284
4766
25756
2788
12596
26875
7918
3314
23612
1927
19098
16694
12760
26311
26342
12145
18955
28859
24480
22214
8130
2994
15527
12074
23664
18274
27309
24342
1781
24632
314
31102
6596
3309
10740
22535
17477
19034
3359
25973
23416
6541
26464
27746
15836
25628
11462
15926
11919
31417
23818
18003
27574
25095
27926
23952
1055
25005
27077
29161
12325
2472
14314
22133
12756
8677
5523
20376
78
14351
16527
12153
17005
16294
26157
5814
23722
30801
16455
11607
5694
3701
895
26625
6535
10758
713
11628
21420
24477
11306
28695
30596
14283
17087
4155
10164
16558
31232
6653
3096
24001
22086
13287
22117
18936
30347
20889
31244
13
11121
32444
7009
32020
32646
22072
31228
4438
5319
31143
23135
13148
31587
7433
13018
2378
26049
31417
8108
7279
24003
17312
25195
27417
24397
24488
28838
19630
31745
4723
21960
23544
27725
22606
27711
23489
12712
3936
12766
18848
11800
16679
15232
4882
21752
8230
3055
8396
22776
3543
20996
11344
31589
15591
21007
5055
24747
17314
32376
8174
3608
12973
935
28859
29922
1011
19234
930
11884
30177
14837
2187
19909
9942
11863
30950
27249
1237
138
9466
18541
25982
2819
11130
16749
23100
32203
3930
21352
5311
293
24544
30806
28589
27505
9982
11065
28564
3664
4575
15962
20516
24329
1984
26325
29083
32300
8961
8535
14976
25205
16508
21543
16788
10994
6421
21091
21510
23656
6546
9357
11238
3572
27822
14918
27356
18670
27496
26968
11546
8210
26529
24058
18575
16866
1254
24656
3165
2630
5003
4914
5262
22390
8697
4142
1538
9753
14408
1232
18092
14511
29201
13600
1535
20012
27261
1901
10658
11237
11938
32073
29291
32432
10768
15829
28043
22343
16806
5439
1542
17902
4267
3464
19047
22870
31770
1163
15025
1216
4156
25403
12952
12645
23676
23084
17393
32534
16760
18261
5480
30752
25940
10516
6513
15474
16979
17010
12673
26626
936
21673
4477
14444
9353
4579
30579
13788
1414
11589
2952
25391
27673
11308
31793
14677
8318
23734
10918
29178
7620
5509
31636
25957
2085
8895
8210
32672
23955
1113
27351
4313
5267
24982
1450
32008
7502
21962
6937
3794
30949
31332
18542
29101
23302
21035
27615
5958
2493
31176
8965
3104
28556
16773
3472
32637
5053
5204
10296
641
27895
20499
21495
17045
16912
29454
23925
17162
3362
17094
6340
23038
5345
20465
25933
29828
12331
31681
11786
26111
26593
25193
14838
18127
27382
20190
24770
9776
2245
7130
30666
4958
9640
9767
2887
16894
24006
13338
14278
19897
18988
30302
14297
24874
7200
1522
31244
17402
689
885
21274
5193
3731
15266
8289
12112
2090
29975
28308
3397
27621
19290
30896
5247
205
15133
4913
10203
15710
17345
22405
29790
28309
16922
9153
16924
21834
26738
17043
19544
11712
30672
20343
25836
21883
7802
11054
26348
849
8120
5229
15494
17860
10459
14546
31788
15247
30590
21019
24822
14975
13580
9114
8769
22660
11138
27620
28317
2824
14198
7882
3558
20607
7001
31626
28336
6208
6137
21318
8936
23699
28233
5044
4025
8971
11877
27160
21677
22294
30673
4719
11797
13010
3841
9965
22186
10786
27679
938
11380
3074
9992
4761
7403
19991
25752
5049
7261
13962
10535
13711
11407
22551
13395
4563
13991
5217
18944
25194
15433
6281
3230
660
9217
2046
19627
4199
9441
18839
29048
17020
5483
10975
24367
17896
8625
19888
32277
14445
11450
5123
18189
4850
24872
32262
31070
6193
13592
11887
23989
7088
25930
2320
14958
13554
11138
8108
23823
13038
13357
24842
23829
25536
5960
15943
31732
1183
22654
14960
18009
28175
12944
6225
23218
20567
12794
6791
30960
5174
25300
2525
16267
13266
5622
30165
14791
8177
351
25476
9015
1387
16344
24227
1151
1760
29652
8420
3421
16038
4507
17282
20459
7429
5287
12060
16670
30375
9294
15811
8851
22346
27554
17234
14731
27832
10390
28669
30516
7673
13922
16685
30250
8903
5928
29836
28989
12098
16599
12635
6005
2021
12624
23564
24915
4537
3527
18445
19290
13000
20844
15330
6606
5845
20299
31606
2492
11338
2929
19635
4922
28018
12113
10832
8432
18920
7526
6378
24791
17488
26649
21079
4673
6212
12260
15159
29978
31889
11448
22219
15981
21924
26268
11531
13865
27711
24984
22258
25126
31857
16593
9501
25187
12484
9461
5268
25234
23992
18905
1512
17622
4464
10081
27262
27083
19372
6561
23594
14791
29175
21569
21247
21343
21538
9510
28006
813
21744
19022
32366
26833
2835
24316
22115
27958
28247
9238
31138
28183
25886
10187
14763
17089
17932
4216
25720
32282
8707
3789
32270
4578
27218
15148
14417
14137
18217
25169
7452
16481
12881
1336
7825
14278
10777
4155
430
28731
4244
3452
22305
27271
2817
22146
30302
13344
30091
2343
12014
9014
16179
17329
9226
5107
16906
27711
1640
2818
27555
1895
8277
24910
18888
25117
26628
23820
20332
4822
3110
23547
26081
5614
11962
29418
7755
2375
16935
9852
5973
19252
15496
8488
27426
149
5447
2691
14727
17987
16621
25538
8823
4526
7992
3450
17598
1220
3951
23211
5362
14613
7922
21757
8359
17973
1557
5705
4579
1890
26414
23387
1746
25703
1005
13303
4538
8640
23788
29721
30000
31743
28551
19073
28813
4719
1518
8303
12444
25846
19832
9900
14485
26944
10043
13257
22351
31513
26329
22443
31921
11291
29596
18504
874
13962
32710
2987
17121
6012
18978
830
32111
5181
7647
15432
32461
12017
1182
10677
32456
20091
24266
11030
7228
7582
22056
1256
1087
25954
24239
11801
6557
26298
14745
5832
12421
30563
11962
19533
12929
26127
28689
7801
16043
27075
23453
10782
6687
8318
3953
27858
1196
24859
1035
17905
17871
25720
8418
2273
1505
2520
32574
1178
18319
14982
20300
9317
5515
12476
4978
3555
14465
9666
9696
24658
2381
11098
15464
30988
13163
13404
24207
24912
31662
4254
484
18757
24373
24598
16528
13372
7836
16707
24111
14902
2415
16072
3806
678
7652
16475
13461
23672
20681
733
1720
5969
4539
23498
22504
537
24473
19412
28191
12983
312
9419
8444
31515
13912
18112
12891
12162
29911
14442
5417
8693
1573
7881
5751
30483
6392
22536
7372
14353
6977
15784
29120
17919
28766
20955
18886
4685
22417
23598
32330
16525
5809
14699
11772
5498
15647
25278
14187
22330
4860
28694
16853
736
2201
6606
18493
31541
14895
32141
23231
5304
23505
10859
2593
8931
8606
14421
12714
27312
30779
28338
4919
7772
8577
15942
31115
18027
2418
4695
21735
15340
26482
15631
1498
6142
32692
802
19035
15507
6386
2737
277
23156
31329
12653
14082
6278
1508
3583
13115
16459
17023
8360
29967
5035
27407
30500
22610
12277
21817
18389
21495
8737
17569
18461
1762
4184
32348
16908
1783
7350
12455
11579
9847
25934
729
20215
9100
17774
24982
9634
30242
15397
23366
9047
12281
7171
8389
31693
8952
26656
32348
2430
16837
607
24817
3592
28306
3828
15226
20947
11322
12580
24760
26356
25996
1356
9505
4945
16102
31781
23838
9734
9735
31558
2934
15368
5150
26347
21514
14344
13862
30964
1732
29083
28534
2353
22218
24471
27284
10972
4599
16832
11339
17255
27787
3492
23805
32377
13601
8899
15418
17203
1250
2547
29328
3767
16377
17411
13733
22507
31302
27551
29316
24698
5207
11891
29237
5916
9364
24980
11408
28440
185
13595
15698
20743
31626
19219
12145
2266
10946
13717
4781
21790
18764
8241
3944
31615
2485
10384
27831
1675
27874
10840
15545
4281
28926
592
9000
16554
11447
3269
27181
23214
10922
25388
22905
2954
6427
7432
913
20601
8682
6158
32105
8304
32450
2951
13365
15014
7572
27383
21884
15956
26948
23548
32110
28601
2722
17272
8055
20066
13723
11762
23828
24744
22193
5946
16102
22650
13480
21836
1029
30045
23170
10871
31638
18352
23982
17087
7328
14645
21629
8319
20507
32461
4309
15443
8522
22403
29481
23604
18507
15564
27048
26085
17133
26637
28597
12431
28609
20830
8600
6568
24436
2958
14451
24856
20571
8551
631
4255
2128
22579
11095
29297
189
31615
26877
23332
6390
5662
24701
19148
17100
15473
22343
10597
23903
19430
1184
8817
12851
17343
5971
25569
18566
6933
17315
17465
737
14364
28037
5104
15086
27816
17164
7701
20361
7152
23333
7225
22809
28050
11396
8584
30753
12760
28894
16697
29202
23354
18521
29737
4196
12580
12609
450
30180
8185
10236
28706
24144
19031
832
16249
31777
16285
24707
29875
26792
31658
13491
14168
23132
5096
21800
1712
5491
13706
3287
18986
19119
22801
4552
16638
22651
20245
28362
5394
8758
2626
13669
5403
29135
19105
3088
23044
6034
3608
27812
23443
15425
27189
10001
14410
6503
13095
31823
13451
3049
5133
26008
13568
13534
31860
23509
14394
7328
1818
13142
5016
3107
15864
24517
30571
4230
24448
13405
32343
23784
2340
29783
19453
32381
27415
18341
32470
5857
26967
26595
31074
4268
19947
6539
18051
582
28777
17768
7459
13053
30396
17997
18205
30292
4900
16134
28507
20894
25470
3215
6972
8140
21958
10372
21304
10116
13786
4057
16070
22387
18561
459
14205
7395
6059
11030
6010
2192
21499
4457
18179
13751
28546
21271
19817
10097
21966
3855
26931
4159
25891
2318
29560
14310
3336
24083
4749
29565
13829
23828
32737
25540
22188
22511
25892
28087
22998
163
5295
8547
14895
9920
8480
761
30453
26908
6212
27169
17916
12232
25915
27536
9974
578
7638
221
15345
3564
16196
25232
2849
28861
7662
18557
3552
7223
3231
1104
12531
25753
32488
10856
10767
4181
10947
15593
18075
31684
28022
3340
6072
9497
30650
18106
8063
13460
1309
23130
25481
21752
8869
14567
2229
28734
18614
5701
23589
9355
19509
9685
28042
1376
27374
1351
7842
32016
30515
18863
19455
25208
26310
25307
29449
5866
18682
18660
31046
16490
26644
10244
30937
29725
6647
32423
13897
25854
1025
25029
9092
27347
22064
23406
5156
30048
16777
6055
1776
16346
11706
21364
10406
22686
29182
16950
29688
20771
5441
23863
4820
10797
22917
20868
25832
20548
5764
32763
20326
15461
10134
17316
14852
3319
28886
29253
23880
11008
16256
19248
17922
20377
2462
18528
12826
32160
20708
1476
10891
17324
11480
13019
32432
23110
16438
17025
1215
29270
7570
19721
17299
18395
24383
22667
27054
19679
30320
31615
13694
171
30109
3467
13023
18231
23080
23194
29154
21732
6465
3118
6860
621
29703
15607
866
7451
22255
27300
10596
1849
18538
14841
13912
15560
10946
16674
28808
4212
21829
19527
15694
13510
18598
20576
6287
26010
672
75
9606
17876
13532
14363
15555
17743
25365
12980
7027
8982
11386
15765
6113
24535
17492
24308
32573
13460
24040
8720
157
24988
3999
32195
18753
27066
29028
2390
13851
3500
31310
29594
16014
7126
24959
28724
31863
26680
1612
3897
30058
158
9118
13051
2366
28950
21143
6178
10699
11431
8313
9214
16370
28224
15300
27931
25054
9711
31903
12822
16010
18003
19577
12976
25219
1620
12528
7969
14832
27409
32242
4527
29647
11802
29474
18046
10881
21472
18557
1450
30089
1642
28221
29587
18577
2121
1021
15224
17325
21453
19231
18504
22756
14969
6251
32692
27373
6325
2296
13193
18742
29123
32336
15677
11563
2036
9679
30663
7348
17692
3916
2996
22015
1859
5884
16760
10369
9629
9874
19970
24375
16829
4523
19859
8242
14597
4458
24783
25938
19041
9055
8213
29266
17461
20398
22796
27652
20115
6765
19070
29918
9650
9293
21098
29366
22683
15997
16980
25034
24614
30155
19936
22787
8741
22797
18335
9083
13535
32447
8233
4924
30400
3565
23404
29003
20046
20052
28739
12005
9823
964
17995
15368
31369
6344
17906
10037
2011
23689
11984
27253
30154
22512
10299
2458
2926
32267
16405
26055
17647
15282
19433
27186
23866
10858
24630
30249
8184
27273
21003
10323
6080
26779
30420
28473
27787
4613
5748
772
1641
15592
17300
11400
18547
18248
3642
32130
30721
12654
17565
24094
9245
14218
13880
5053
8503
11933
11549
9460
27930
10390
4492
16088
3870
9147
27588
32633
18591
18763
14361
18860
10671
32610
16711
1550
24072
21020
29958
30021
17988
30717
26334
30601
12625
30097
30013
28004
18975
9295
17607
5557
3483
8387
1517
3323
23777
25581
14529
20944
32685
3044
25352
29364
11027
6078
27793
18700
24689
6836
5574
25962
14497
10882
15489
4367
28531
3341
25377
2223
17242
26952
11740
21620
32101
32600
19031
24901
13681
11255
30067
16199
9886
15126
4970
10660
10239
19910
3612
15244
7574
22360
28067
30330
30079
30147
24365
32185
1387
10567
7691
11046
23632
12112
29445
24887
23647
1181
15857
15932
12599
21153
15748
5349
30296
19498
2407
19973
8666
15680
29325
6037
1887
21072
15813
1276
1862
23178
27787
1166
15905
2439
2084
20050
18537
31791
8938
12296
28273
1242
996
23146
19609
693
12441
5043
19396
18536
18726
29534
32268
22005
27279
2864
13236
27107
2899
8568
23645
11677
1603
24726
2173
277
18323
8122
7950
10668
20530
10478
7043
26710
855
8279
26624
15097
29277
28855
10186
19735
6864
24887
1533
23469
19144
14436
23677
4187
8053
4215
18222
6084
20988
16601
30568
30520
18049
230
23461
26001
4485
10226
28541
11098
26483
11913
18389
20023
10869
21755
12115
2944
2700
4888
26389
26160
27616
13625
24482
19454
1877
19072
32288
5577
31070
18528
16840
26425
13078
1887
23960
12708
397
32026
6727
24110
8031
22410
5246
25397
1164
23943
11077
18668
26755
14474
12988
24901
10880
2999
16139
14101
5144
31771
7067
30835
10771
3634
17031
24672
32633
31916
26701
25518
16111
27760
28618
9498
24132
8674
23141
29884
12360
7009
2186
24225
18653
13588
24154
3254
26448
14823
8352
32743
23273
1488
7687
25737
5568
7511
30859
1525
25043
24149
9006
9590
27734
11772
26604
14438
6986
18455
2544
20883
24913
5011
22536
14824
961
8255
17239
31817
1783
12752
20042
26814
13550
31784
26573
21204
29200
29912
1726
3904
21579
24035
6561
29894
12392
28101
7830
25689
4504
14515
30601
7300
20304
16165
20137
23560
13655
17810
7963
6087
29214
22906
13807
18400
16207
10154
16211
4124
30888
1980
13318
18313
5386
24797
15120
9060
13773
19411
21425
2364
16471
5694
23447
19541
13805
2845
17747
23115
15816
9365
4878
6903
5484
2798
27000
1942
23349
1247
20226
15656
26419
15627
27469
3607
9784
203
23266
22297
11054
23598
27427
6999
27310
14142
21122
11215
21711
22661
14576
24055
16700
28880
9368
5539
24970
5171
7886
9768
11720
17485
9538
20162
32599
28621
15226
22067
19964
2869
12415
2477
17203
9951
27862
8946
6086
9789
23729
22970
28575
31844
19047
9301
10202
4556
15650
27537
19231
14161
12247
13790
8239
19070
13436
3504
1724
28427
22389
10021
5758
420
22351
2280
13443
10221
1200
15445
4807
8642
24206
18654
19972
16323
16032
32429
7627
8976
10770
21642
19156
10833
6781
23808
24467
12282
21270
5819
18187
32205
5670
7221
19943
6560
20154
30354
14791
20320
667
6088
27352
7254
8320
16386
15271
24489
32387
21063
4919
29732
7378
23638
23889
5946
167
21973
23835
16711
15226
23211
3564
21273
29301
25771
1631
15535
31272
18546
4518
320
23166
31122
29473
15488
20207
23024
2095
3358
5880
6250
15429
2193
10952
25277
829
7188
10301
28326
19952
32495
3086
7752
11526
6649
2890
17358
5645
2139
8449
18513
32457
5526
9280
14844
17099
23752
31299
1390
1861
27947
14567
24159
4381
6110
19806
7047
16704
19176
31526
2491
11065
7546
18236
31322
31234
29044
9101
4327
5914
20011
28333
5111
18391
22633
7115
17742
13566
2998
5861
1349
4241
6358
14648
17775
19944
3475
25083
3707
8195
10685
1868
7516
12831
1390
21355
23464
20103
27794
8742
14142
26541
5031
29332
7468
14201
2498
8454
7120
26849
3027
32059
28733
32698
7465
4307
735
29390
2361
10758
5987
11310
12955
32406
13265
25546
21333
31490
763
2110
4700
4605
13851
10735
4696
8222
10680
7255
23976
14297
20937
16797
21414
27054
12573
13417
31532
23712
24570
17398
24151
19177
26117
30313
21386
14060
27489
1377
22454
27755
1307
2255
24025
8698
8390
17416
14277
20148
21346
18712
31779
2092
3971
26201
3511
31911
1711
4677
10214
23944
14855
18825
5237
19979
32297
4954
28307
10806
30294
8204
5914
14861
19152
13793
15890
9478
7814
24607
9591
14780
2035
5221
315
24039
4420
16958
6287
14988
953
247
3167
30833
589
20398
26395
8404
14233
7084
22973
30300
6902
245
18952
23120
4322
31004
5645
4615
27301
27740
12532
160
2356
22757
31993
10483
10069
1140
1717
3014
3844
27686
1439
13893
15893
26254
17874
5292
15900
11269
24337
23879
13194
14657
23816
10140
26648
16426
15572
999
21609
6888
25542
9926
27882
30017
29540
32054
13822
8226
7857
15550
25432
17275
25775
17386
1703
25168
21537
24315
4473
25870
15509
17629
11865
7707
28834
24665
13627
31920
32111
14732
16155
25067
31604
5016
7392
19488
23685
4761
13702
19569
23308
32219
3964
31390
28310
29258
2379
23326
27025
6441
1401
27502
9299
14087
3501
18601
22879
9967
12563
9305
5860
5600
8706
31628
27015
4732
22237
17451
9314
17668
12855
1160
27213
25476
30266
2358
23644
13899
1865
11549
4521
16542
16868
26573
15443
25006
26572
5651
8134
455
26728
12490
15421
8137
2152
26100
21382
21212
11432
18442
11013
5216
19543
1936
12028
26147
20056
27371
23306
10455
21992
30839
3057
14019
17026
1749
7836
5816
26367
10114
96
23367
15362
8110
5250
561
4499
25419
4857
26655
1034
18020
17526
9363
14383
22704
16290
25119
8863
8039
2982
1749
24178
8532
19441
16638
22298
31020
22837
19471
18830
25118
27571
472
24745
29355
15033
3071
28876
31160
13673
18861
5835
12769
14523
15751
15879
16145
26310
6112
20951
10831
827
12588
7725
20443
31026
2232
9078
29562
28201
7065
25025
28430
1609
10211
24356
12137
15852
12315
27995
29539
31837
21230
29363
298
17374
19234
14887
17882
8944
11214
3784
4942
19150
11462
9826
28725
28475
7002
8028
11880
21373
17216
5600
15227
10410
25550
5180
24465
8482
1388
25224
24181
23901
17226
31113
12007
5607
23886
7382
15412
9896
9809
24633
26122
24425
8842
7256
12937
15764
27210
5781
26269
29499
9450
24626
30860
24412
12290
12473
4299
23396
18140
16283
3350
497
15913
24855
14783
21212
10226
27229
13639
22647
29649
8436
12843
12819
24416
14681
2816
10182
19186
10473
23746
11115
18049
20224
7018
27369
27368
14691
21694
22457
21330
2011
5485
18338
19187
13091
9307
4807
758
15108
2106
21220
25782
32703
2906
10197
21552
19115
12738
9560
30393
18975
21887
19987
20972
1170
23868
16345
22247
1793
16659
29993
11703
21138
20899
16375
21776
19830
30051
25007
27201
15123
20533
25720
11624
32611
2367
6582
5602
12695
8950
25042
2822
16897
6523
8509
5395
14128
15147
1714
6758
18013
28530
1724
31985
19206
24543
12409
11240
25048
14206
16285
32189
10962
27746
4025
26191
30376
18305
21694
23903
25445
7877
15549
2371
11349
30047
24304
478
12578
30303
7166
16335
30781
32129
21371
3049
12415
8778
4782
739
30225
31060
8344
337
24201
32743
2865
3027
4181
26056
6645
1933
26973
10582
18847
22231
30948
14802
13621
11829
20655
5119
4164
13705
29034
3307
5741
18823
22087
16140
5152
29034
25576
19854
27816
23781
15999
29164
16744
32349
19252
1982
7780
5461
24775
2770
20483
15658
27510
15229
17939
21504
2081
23859
10253
19964
23212
17238
32410
18612
9125
8268
5719
29411
22822
19156
32725
7266
18173
28058
20709
595
31243
21769
2834
11167
31466
20320
19310
27044
7123
21256
10130
20775
23998
24357
23520
16272
12490
19051
12043
16470
5088
29746
11994
26296
22419
3021
10792
28590
2123
25112
3120
16415
17315
31057
32007
4948
32015
18217
27498
28077
30146
23834
25530
10130
27599
27386
22597
9389
17550
20433
16071
2902
13889
11496
10033
4175
13559
12066
12200
10930
9905
655
31185
17447
8900
9279
1356
14682
16510
1620
4990
16045
14604
14939
30868
32042
24731
5597
32196
31675
15038
1328
14550
10397
11792
147
31972
5906
6938
22395
18526
17750
23159
17959
21584
32469
26165
2426
10472
11931
12927
25866
23347
13836
31097
20341
22567
7125
32364
14580
24806
10018
3107
8242
7233
15122
12949
26974
24955
1639
1988
11134
8272
23427
28644
26631
2614
17552
12480
24747
24803
10238
21594
32627
3599
4402
7889
1293
26747
29052
7048
29031
18994
27978
1413
23165
23567
2460
3863
9583
14975
19896
19644
21974
22408
11551
18241
26456
15883
19903
31019
25978
6726
32362
15190
13750
11164
29063
25820
18382
921
4104
8760
8287
13873
30876
18348
29113
24392
32549
8928
14062
8568
16492
4043
1321
526
7699
21718
1857
18005
14028
2623
22414
13848
11977
4284
11260
26466
23668
23394
2141
30600
11615
4292
27396
21865
22398
18271
10127
245
10900
24886
25604
25580
5611
19129
27680
10216
13896
8427
20203
11678
30
708
31376
2401
23042
4564
19052
10472
15199
26154
15205
1616
9067
31092
14973
3172
31833
19816
16806
4125
16081
20834
14041
869
27037
19278
16738
17696
8613
18376
2430
12909
3613
21890
5671
23849
17661
4070
15663
2998
23473
15613
22924
26106
28690
656
15347
29610
15766
30349
2472
20424
4803
3755
32148
13674
15082
13137
16280
18878
12305
31157
17953
18251
10545
18753
30204
28281
22690
28730
29804
24404
28371
27555
24442
16525
13630
26207
24717
22465
21915
13207
19770
30462
8532
18523
19037
25476
27962
30860
9577
6600
21878
31481
22524
4799
32194
30920
27063
28248
8665
11288
9292
10059
2603
20964
19928
13329
14550
29482
23924
14643
25298
18765
24070
12488
2411
16825
29534
11065
18421
25797
13694
3400
10683
9181
22072
28497
7224
21216
17663
463
20874
20679
17655
6945
10019
9096
10574
21135
25794
2873
11215
19592
26529
20601
4532
7213
3568
21004
4796
24084
30339
5573
13950
28741
26824
24745
7165
27529
30971
6737
24444
16869
15517
32656
4756
9825
8994
26710
31363
8717
18154
9428
2247
31302
19058
13793
16876
19510
5580
25757
1698
410
2124
32084
29458
712
29317
12709
18546
18928
27763
26083
5335
15266
23546
28091
3403
26768
16271
31767
20000
7318
4406
19011
30084
24311
21932
14926
19541
18410
11237
30900
28982
20309
28857
24889
14818
30936
19162
11032
16064
269
13065
8285
17592
28686
19593
25744
31046
13624
8660
3731
13516
12335
6542
6605
14125
19234
14263
29321
4759
2641
32548
8600
14496
13516
1840
23358
23957
31357
6575
30028
9742
15208
27939
2185
21190
21554
20275
16726
24234
5088
21336
9106
17200
16098
23002
17852
22250
17232
763
18263
31323
627
25201
1683
1801
21383
1818
22825
13523
9151
10988
19591
27013
22410
7979
12589
9898
20757
18654
30039
2466
16401
16771
4828
4596
7862
28674
5206
8677
8
11744
30083
27977
4953
19637
25323
19097
271
4064
7363
6726
1191
28281
274
14413
26618
12679
274
11276
17343
17011
1497
2643
10578
15805
2104
15807
6580
7662
24548
10563
28114
4814
3539
22792
5130
22742
1513
13687
18155
9448
15316
27796
8508
30782
30517
1421
13120
28833
13056
21138
32057
26843
3109
13544
29483
32110
880
26425
28130
18822
5805
16943
11574
28717
29969
12097
20366
17854
21205
15820
25251
11676
8228
3685
29063
35
10039
2158
13285
3295
21951
3559
17034
3324
13699
8583
29988
6654
22602
13067
19786
31923
15099
1487
4797
26725
25603
26011
1262
30291
16631
7615
17856
30051
1914
26210
24974
25105
7522
15383
6256
6827
19478
21937
19642
9152
17210
11353
15046
4310
11919
18909
24052
25947
25364
20811
9966
478
26482
30143
26417
29055
23446
21369
5577
11172
928
24370
20827
7662
31228
24496
17257
4716
19662
9625
18642
17934
2708
30085
920
17244
519
22614
14822
21863
14657
17868
9810
9984
24613
23892
7519
25129
16892
8481
11334
25545
31324
26494
5366
22436
29006
30307
19289
20617
25263
32070
22489
12493
29911
24883
17187
30457
8825
3871
28458
17088
31690
18554
367
9780
742
7683
17025
5945
10095
3296
5823
5433
9591
29166
29797
22297
19360
18262
31431
5484
27777
24673
3799
17639
32588
6029
8429
21781
13230
8928
32712
18252
31991
636
23760
12768
22651
15732
26013
918
21304
24798
5821
7004
4793
29993
11186
2103
25914
23985
20539
1404
7436
22161
30421
1859
15163
1208
30848
27417
11631
19520
25030
8437
8976
24827
4346
24686
15789
17742
2494
15914
8351
11074
8647
13722
9193
27608
27365
31460
11875
2205
32317
10529
31512
27519
3289
8393
19948
22751
22884
10859
23426
18407
32558
12706
26716
5406
10871
11332
25412
17209
9705
476
32491
15925
24934
1883
3793
21666
22020
25354
11108
23362
27478
27843
24940
11986
16878
24161
28838
2088
1823
26741
23983
22142
13832
32571
23332
5134
27085
29644
19976
18655
9512
11668
29030
12254
13089
6151
23863
12848
1305
6288
29829
11463
12813
8394
32465
13363
31513
12531
28851
19131
31035
24222
10176
15533
22618
13223
7600
5874
17287
31084
22209
27621
26242
17466
3926
23142
10368
21254
27876
2857
1067
5982
13838
6228
8427
31135
22031
4938
4452
11623
12121
7361
23360
10829
379
17179
11310
7376
26184
6899
24618
25486
10806
17910
15616
27831
1028
23540
1803
1984
28576
27190
21315
32604
12359
32019
14967
4008
15854
26558
20950
3237
8673
15970
3252
19692
1706
13937
27531
11421
32564
24889
7232
15513
18736
29880
28584
29169
3768
5809
18507
27038
27442
24063
26216
5234
14200
32298
13625
24398
24886
20792
32119
11158
20883
13253
8481
11234
10003
26454
17530
30966
18107
28395
2129
29429
2167
6611
14724
17105
698
12484
6599
4102
14692
31019
9634
16008
13288
705
31673
18681
16046
29535
18768
2848
23478
17683
24590
4247
9855
10867
22785
15299
12071
3377
26851
22793
4307
23280
18844
29247
18257
5206
23815
30305
2044
21091
27897
2438
8672
13825
11392
4370
10527
30172
24168
20524
29076
32371
17668
10355
7349
22640
16171
21228
16062
18740
13952
9535
24332
25015
17142
14116
22470
28559
10132
31768
22723
1102
3190
9556
4520
1809
6677
24575
18257
1110
22984
17315
22643
12302
32650
1246
30079
19956
253
16474
4041
29724
7599
29182
17385
23503
15516
27750
17249
13462
17141
25745
385
11669
18464
26074
10120
10522
19200
16938
5132
20086
19574
21099
27036
28172
29480
6976
28835
27559
7297
10739
20623
8977
32505
15791
25651
31457
16790
4335
11626
6548
11442
22326
11262
28895
22528
17153
7112
4932
31178
10233
24088
2020
15228
3438
4695
4244
14182
17665
8682
5682
958
22944
17242
12090
28388
27320
14514
29844
20714
18341
19753
6320
5716
24430
22017
29909
26652
22703
15023
182
5370
26070
18492
26695
8162
10642
21483
13262
6093
16265
28956
13885
7356
15690
15984
13759
13818
16258
3630
657
23970
22386
28134
28691
25954
27808
20820
25631
6270
26317
25734
28825
16152
13352
18753
11079
26286
32705
17314
14307
5092
11328
6657
14447
16772
26327
11290
6089
20675
26229
1391
25215
20166
11069
28392
8676
13156
21046
17341
28004
32046
20804
3477
9748
20140
12119
11248
4237
28906
3298
2754
16635
24371
4239
11360
3441
16413
3121
2720
31360
28614
28153
4924
22023
32604
20974
17272
29772
19939
18327
9989
17228
7730
8186
15908
10320
20031
22475
3855
23489
5021
29149
26260
14141
24899
21980
3075
10730
23183
1854
27722
18187
30603
18551
95
8913
15982
32364
29406
29043
13926
26667
18676
7297
30612
32473
4731
17013
31832
4587
25958
21643
6096
29594
10336
18130
13723
18832
28848
1667
18147
21992
30560
10898
154
19541
27038
4740
20227
1953
6242
26496
8821
13146
19281
13224
31068
15816
15074
938
19328
9761
30143
18065
14986
31488
13678
24546
11204
7444
26160
8164
12064
6677
26153
5695
22396
13309
16322
29384
26660
26740
25420
26780
31640
3212
9190
18284
1936
20654
31648
16151
25150
16597
23264
382
11475
5369
1797
13972
18244
26063
19531
30388
12622
6575
1774
16184
31928
7637
18323
5447
13528
16333
5859
19182
24408
15145
7289
6770
31290
20341
11518
3045
6938
29293
914
22776
5043
29293
10862
17168
16293
7464
22216
3996
24438
16029
15351
7845
9430
3143
6616
20390
21543
20628
2672
10399
7996
27289
21203
29541
7521
30212
15172
17724
1180
12114
12957
9383
2099
26690
16626
16767
110
8329
3441
29507
16286
5831
31628
29103
14430
26042
9051
31632
22809
433
10555
24534
16589
10820
14524
7403
12558
9283
9914
2627
24909
20460
32457
16437
5978
28513
32727
12809
10536
12633
19468
11858
19409
21525
20469
14718
21465
29846
9442
30379
19127
24077
29324
4796
32145
28051
5115
26028
26952
24090
935
15907
10164
4259
21214
2887
16945
9394
12389
22741
3418
29951
16994
20848
29204
19567
22393
15161
18383
26434
13110
8863
9224
5262
31147
10105
17170
3052
32346
8274
28183
19313
31317
2051
602
4576
28067
27016
32190
18717
12262
15884
13452
29925
29755
28998
5233
31165
17506
8
6342
20520
14111
25877
21524
30749
26079
18484
13016
16568
26015
9090
23427
14384
18186
21260
20421
22537
25057
17053
13067
16779
28576
11733
23111
7794
14687
9851
2287
31207
23798
21780
32584
9647
28004
10165
15844
32675
29298
25365
8809
11104
2963
18918
16789
5183
14863
20070
8831
19336
5728
561
16160
5858
29916
14425
28177
17166
15765
3512
6550
3797
31614
19333
26588
16959
26319
22566
14463
17926
28330
10821
6991
20298
1534
29222
9300
29574
14252
27960
16656
14531
17896
6122
29443
30220
22754
12735
4981
6177
166
18341
1135
7792
3649
14467
29451
25664
2086
26641
3821
2608
15824
5100
23314
5088
16040
32490
31689
3566
14376
26282
9726
20516
32577
30576
5054
12271
18682
12848
8696
14099
22107
30953
31617
12958
6025
13621
30043
11802
2610
19741
55
12039
22315
23089
21304
17545
29528
22233
13306
16221
18381
13798
32723
9745
9522
6252
23129
14709
1644
5588
9508
7501
26234
18989
9429
31048
11676
7875
30550
9782
31163
243
16228
15221
17925
31549
10571
4268
13784
25755
11505
1980
1761
6673
12566
13044
28293
30342
29658
11141
26239
31954
23680
11317
11467
26648
6769
17495
31427
5718
13700
14074
14217
314
29564
23137
10660
14648
14035
2995
27630
5849
15030
2804
10669
5718
20560
21300
26112
4453
331
17158
21117
19283
15252
10548
31000
851
27231
2481
15686
278
8300
11983
30819
20379
14216
23218
13649
6729
2390
11525
20323
24635
9551
4331
30841
29147
10248
18233
27244
27826
6067
24802
18348
10622
27113
15795
28455
20613
5799
25408
18285
2090
23702
16414
17682
29118
6799
12114
12372
26776
25182
20490
28158
14184
10438
1419
20365
14280
14022
13163
11920
4116
16411
2560
22357
892
17158
30488
1729
2135
5455
3818
32640
6330
17034
333
31327
29002
8089
28456
30197
12878
14194
13354
10633
5897
29987
30907
7984
14150
12051
8242
14646
1844
30602
26440
9919
2420
22131
18124
2990
26481
20577
28313
24518
25584
24273
27846
18703
23528
15791
21788
30076
18835
12827
31949
14282
32197
11884
7778
27563
893
30581
31222
25892
25017
12040
17826
28468
12175
26553
568
7606
11898
9700
2100
30344
24306
29170
24815
13805
17215
24535
16406
12848
17550
12255
12635
8843
28229
27819
20074
19782
29588
10870
4383
24867
13132
19358
5622
32250
11765
28255
25283
12449
8731
26593
1443
26126
17128
28789
8242
6592
15608
25883
13054
17243
32104
16969
15676
18322
28464
15335
1210
28745
8883
5790
6677
12283
5013
9810
27948
13402
205
5613
1492
3126
2811
23647
13518
25760
3323
739
20726
8527
25274
8323
21692
21571
4680
11998
28632
22695
2863
7209
24890
5372
28676
15988
11584
10356
7739
3118
1068
1948
26687
15852
27861
19518
13763
15718
1949
15494
32338
1474
32162
19811
21038
22806
28729
9264
25943
28456
31896
23444
20714
376
10194
4007
32428
22656
18185
30038
29415
15930
14302
264
26741
31203
32045
24706
29466
14591
5112
19463
7191
2461
5280
29380
11515
18908
29787
1644
7357
12462
31458
10784
21256
21468
16490
18577
13782
20298
18390
5480
13632
29053
2347
15846
18836
4442
68
3271
6057
28976
5063
1389
12143
21241
26711
14906
6346
8669
29707
25150
8865
21752
26143
29202
10290
28509
14058
15363
16552
16731
29712
23411
3311
20223
7417
28541
6087
32729
9090
26840
31767
31747
25842
28414
17796
23136
12079
8333
16195
1058
9778
13037
9515
29071
7608
13619
27407
9220
15162
31301
3658
314
29728
28223
9627
29640
15410
23318
9012
29929
30799
24700
32013
25472
2401
8963
12158
19545
912
30340
19981
1970
26038
1986
5765
20474
25875
18763
14920
13784
8515
10143
20965
5487
21612
18580
12013
28897
21436
23033
3
21521
29715
13178
31539
9646
9980
20419
645
2413
25570
24809
30417
14229
12673
1029
11476
28097
25498
22562
14468
23777
24811
31833
673
14467
1374
14650
23693
19281
29825
22894
1629
13530
28726
30107
23344
13461
1964
14216
6079
9762
12941
22658
28470
4820
11385
24318
25155
31853
9396
24447
3180
17704
5659
17594
23461
22781
23389
25336
26146
31776
21351
23229
21098
25291
10784
3751
1453
30269
6487
12440
3159
27395
13817
10776
28901
3190
7560
25588
29943
24965
6088
12587
24743
3764
188
24843
23578
6501
3792
15512
1876
28758
18776
29485
17489
23916
17209
14950
26449
17583
28134
9532
16755
21653
6287
30322
14725
2947
28565
29233
26395
13969
4160
29423
25566
19854
1204
17813
18215
20548
15393
4320
32717
2300
21307
19463
59
22597
16618
2207
28869
28146
15170
5052
23612
4962
26805
12890
2751
27396
12679
31995
32469
18713
17795
7825
18617
2492
10733
31389
9205
2080
25527
32409
4914
6938
4599
8852
28239
15071
3225
23836
5808
13326
23377
3680
17881
3057
6356
9878
10811
31232
5704
2971
17997
6822
21241
473
17887
16200
7245
7278
15788
32644
27130
30859
2350
28598
19062
18457
15030
8385
29616
28579
20923
19724
19453
15216
11122
22218
32597
28655
24992
31615
29887
14681
2989
24767
14346
16017
5625
24121
11198
23375
9075
10485
5970
17789
11623
17370
26015
8673
21911
22899
10133
19453
7822
25331
12077
21811
32305
16502
22174
32557
32407
9865
18388
13692
24858
1261
22558
19071
30638
19096
19495
31623
10354
11005
6183
56
20357
18573
28762
10547
29467
26750
15794
20978
32208
5067
19145
10738
29500
18812
15641
6424
21191
9767
11887
17230
7358
9399
31389
28525
11687
23660
5487
21855
25554
24611
31969
6021
17201
8920
7055
27478
2921
1385
12141
13641
29737
29084
2232
7157
955
9828
13613
22135
13273
6496
27512
14869
22721
4517
19183
19233
32396
24509
17280
21791
12475
22255
14824
20010
24595
27585
15398
2451
23211
7100
23088
32204
2627
623
30436
8580
27863
16311
9537
9236
31604
4925
26071
1306
29515
20799
22652
20323
13572
5268
13889
31503
11860
20970
10149
15087
466
12371
19208
14642
24838
19200
32610
1857
19651
16459
18228
17639
12215
12795
22463
17077
1857
6852
10357
9125
3714
7438
5805
16893
8119
12024
29082
23414
16326
18331
638
18590
2070
29075
25883
17275
25252
26300
17514
369
19540
6457
20368
9317
4485
19899
31502
18211
14567
11007
25144
10493
4241
25241
23784
15541
4430
22257
7539
7838
3128
25227
27356
13821
22153
9355
19272
1461
26541
30328
12978
28708
7580
28480
2528
29256
7014
6012
8598
6694
30223
13046
26121
15468
9118
17256
26262
11605
24689
10375
1460
205
32467
320
25896
5590
21713
12866
25208
28970
15433
13756
14241
11041
22851
6248
5132
29910
6788
18376
16831
30853
10337
5552
10961
6456
13778
5380
21280
21923
26567
13251
6726
21068
18111
13892
22984
20207
28310
30656
13201
2848
28830
5137
9375
24114
7154
24249
12285
1624
8199
19238
13809
29450
15748
10805
19318
3754
31060
24820
9708
19304
1529
31916
28431
30563
22307
18463
5414
7184
4993
17934
27516
27872
22743
13566
12052
2333
1617
60
17305
5397
279
16927
15508
28283
10017
15245
1762
10
25677
25792
18020
30827
7598
31562
15352
26713
26407
12631
18344
3075
14137
25139
23330
17330
3354
28684
28776
32683
15623
12024
22729
9047
22234
314
30736
9121
23263
2241
16379
25760
12516
4593
32751
6774
5519
7078
23785
12664
29173
8310
1464
399
20839
1335
30570
20701
27023
20673
26116
27044
26813
4341
7542
18276
32379
4351
28365
8004
21095
17623
32171
18355
23874
3598
500
17231
22596
15815
20939
29446
14002
30724
18365
13179
23987
23587
22843
27051
3680
5800
29006
17104
13850
16444
25478
11142
6432
11766
2868
16940
2912
5850
27352
18573
11150
12959
24541
22719
21620
13750
16004
24908
14473
20103
27167
11408
23492
2046
15743
30562
24498
13638
22447
23287
21959
19156
8419
3586
3058
18600
7083
16672
1907
6607
22124
6772
8689
3373
4369
5262
31943
19321
27390
17554
16032
28297
11589
19350
20291
7632
1309
30539
1456
21541
17040
21984
31851
12997
28531
16675
24
1436
21147
9450
19528
23744
13134
1201
2707
24383
28920
1156
18407
15130
17183
31008
21535
22161
13721
17237
16343
9889
13565
31406
27775
20172
16215
11092
25263
28184
3360
11056
25274
15706
18029
19024
25478
25268
6246
25228
29595
7773
16122
2665
12409
13472
22225
28477
18479
14632
2946
6804
14633
8058
30215
9939
17482
13507
16238
10011
17723
26324
23504
18032
25858
31851
29063
25115
23254
8884
16540
9036
12081
29711
7807
23556
13608
23572
23035
11058
11768
31956
7016
11293
19169
31074
5411
13569
311
18835
6203
26877
25782
31489
24941
8492
31766
854
12883
28947
17375
1991
2776
19003
21375
15838
5871
798
22681
18813
9349
17736
23713
15392
13747
9910
2214
6498
825
29314
23406
1219
808
25794
1480
31912
18398
23981
24862
18083
19255
20479
13386
28917
31234
28319
15018
3409
5042
23935
8567
2275
12886
27076
28498
17809
3788
3368
2592
22657
21809
16540
20248
4571
7579
25137
28954
12752
23819
12856
4419
28379
25245
11176
17854
12614
13570
15297
733
10225
25648
7407
6760
6735
9048
22769
17717
7089
16153
13882
27384
967
17395
5272
7261
20579
26878
32019
29524
21633
4828
26904
19884
22661
748
1239
5604
4035
1728
28905
3646
1860
15314
18230
21012
29127
15218
26390
367
29959
17155
19638
19158
23612
11367
30654
18276
21476
19128
9520
23838
4803
32569
24723
7043
5161
6796
12370
18020
18291
24101
24927
757
22740
12798
13851
23333
30550
25228
31866
2859
15387
31475
20322
19809
5865
3958
1877
6230
25574
3121
7760
798
3743
23562
2803
17389
26191
31717
22241
31973
1887
19991
29802
19243
32297
16925
5992
19520
1793
9359
5478
3471
3958
11087
4360
6722
23765
4614
29863
7002
31727
23249
59
15871
24092
1847
28286
21524
18304
23903
30030
25359
29325
3455
9555
5384
3273
19352
27875
16399
28882
12641
16930
30659
16799
31872
14446
23841
19208
32000
1274
8345
19337
18432
14008
27239
2883
680
9597
7456
25667
22882
23648
9867
8199
30534
867
21171
20030
4565
3157
21818
30928
23787
9974
31984
22814
31471
16477
17828
29323
15693
4503
15419
13883
18726
401
26879
5147
29766
24119
13369
7457
28246
12510
30977
6869
2642
12767
14933
16400
15422
8069
11881
22275
7957
31786
5182
4220
5891
30620
1910
22629
25555
1990
18023
21389
14251
29836
7790
27308
9719
23286
29317
1697
32419
27537
4120
25085
27021
26642
17941
5061
22074
9277
29251
14196
5064
3589
30932
22080
9507
245
23101
30110
9596
26830
23365
28424
20727
30578
29532
29950
1444
29184
29999
26955
20657
22849
9593
26761
23518
28995
13340
12007
20272
27715
19312
14890
31466
15568
10715
19698
23993
21294
31138
14143
23343
18937
23294
2099
13938
17930
21619
3354
9526
3487
7517
16807
3816
6837
30412
5504
19500
11449
1681
11006
31370
7520
26777
29485
14436
31956
27258
19227
23852
14608
9548
32335
468
21645
27066
21143
28037
28702
12888
263
14995
11288
4152
16446
18353
9399
17848
17387
18785
3517
925
21904
4015
12636
31846
27270
21535
22102
16858
23362
9188
20835
8420
8150
14930
17875
28576
13754
24470
22900
438
4813
8101
24502
14055
18839
28018
16397
22501
17105
1636
7063
13672
12327
10759
30207
15742
7228
31234
26017
31522
15343
5705
3823
13329
25821
18835
28435
6361
19750
23055
14806
15155
30837
21074
20160
16018
30266
22164
2432
30460
21818
23069
29071
27161
28746
18682
3345
26250
30807
31220
23292
9595
24490
31939
14459
10876
2666
6270
13717
21900
26723
3670
7434
23415
23557
29828
13181
6243
4784
15744
29144
28837
12847
16244
16109
13273
32642
20464
27737
13873
25312
18399
31406
5133
27900
954
26833
21452
16776
13307
4768
23010
2807
4565
25304
25387
23432
19490
23606
31104
8064
16541
15837
5767
1206
21841
18168
26831
31573
1617
23968
28444
13278
31658
7424
24063
15980
15254
3767
938
12092
19698
4989
7683
27756
24050
16138
22263
2307
17172
11060
23313
20786
25170
1623
15947
27610
24220
24825
8996
13645
6021
32430
22514
14169
20797
11834
24186
25219
6335
27894
4542
27792
14411
22901
24086
30794
20503
14694
16258
27264
26434
5820
31295
4175
2313
14349
16792
31392
16957
30776
16639
13042
4852
16715
15196
11610
10368
11940
13477
7111
29597
6742
22959
1675
28398
6606
6724
19991
10667
11702
10613
31238
27284
10521
22577
31070
32553
5064
32279
14354
2844
3069
25737
11723
27655
27455
26626
18919
1371
12933
17321
24770
2200
414
15142
32309
3524
7632
5812
16733
4118
19392
9591
9630
8946
145
14865
23783
29466
11856
21872
7991
26658
12176
29673
4960
31268
5713
12427
13579
4022
25127
12973
23548
30745
24984
6602
18583
21939
17093
23439
22947
3263
5965
18481
20303
2628
20334
10500
16242
30531
28781
11594
7959
11317
2616
6472
1337
30901
12363
27552
2763
4985
31184
27866
27644
18054
19722
23876
20152
11172
31219
13564
21106
3344
26660
10827
19745
15986
23542
29236
22920
526
5863
28493
6843
20030
22335
17102
22751
1824
31475
29672
23345
140
18889
8536
9034
23625
10941
28987
28065
6272
18595
13092
6993
25200
27151
26732
26908
356
114
9929
6064
28130
12933
2338
26922
26918
26091
8866
6105
10447
3090
10252
10820
27351
13914
17230
18542
1480
13689
17752
30296
18733
18462
10798
22472
16967
7380
9020
24905
14594
11049
7147
6771
31015
10256
27761
21868
15315
6533
12013
32687
17704
19823
27315
28684
2626
14282
2532
22000
29549
31749
19779
11751
3733
9641
12867
24415
17918
21564
32613
26543
28469
24165
27328
13912
17990
12369
3809
7818
10543
26964
8662
490
10133
31956
8838
6290
15030
23139
28740
31321
14751
24875
163
19797
23966
8847
10123
15775
27387
14351
9612
8790
20963
12396
28787
29671
23461
22541
27163
30603
14369
24738
31110
17425
32636
11271
14892
989
31769
15979
13715
6193
20677
7089
23328
427
20274
5142
10797
12815
4775
17429
16988
11079
13045
19336
20010
4008
9133
15
31687
1911
5008
7861
30757
8108
24647
16593
8270
1525
29269
6187
23804
17918
5449
13920
23651
27632
8248
25480
7762
12344
618
18453
1658
4233
2132
28158
26893
31268
27846
23838
17804
26967
2662
22231
9178
8771
16733
29946
18324
26339
25936
12267
11685
20042
18322
4096
2068
8492
12696
3627
11297
24480
25517
26585
9873
21540
27622
27161
27206
22498
26969
30721
19730
11314
3978
20557
18125
3423
32294
22090
9893
25262
16628
25075
12982
12188
3080
23385
26075
10856
2106
9544
16323
7121
17366
6951
23367
27681
7061
9760
16122
362
12236
11649
7170
21264
14820
26210
28455
22151
22026
18057
14378
10590
5415
7818
15192
7293
27411
7986
350
1195
19718
20006
2399
29779
5199
11720
24900
17031
31048
7258
6228
837
14985
11878
16388
21753
17500
2141
28432
10052
27761
31614
31434
24316
5587
27129
23218
31604
20763
13909
27208
8445
19684
16911
32030
11436
10878
16260
31025
13662
2791
23312
27513
7674
26614
32632
19135
7414
3546
14725
23727
23837
18627
32498
28974
7055
6879
23689
26606
26377
3720
20360
13375
25702
30908
20041
21288
15462
16333
17442
26550
5807
31321
1163
29076
17937
31357
31102
20956
2574
6470
4388
4653
2458
22120
11949
8702
27423
8243
8831
32305
11716
22466
28052
30443
10223
25974
21533
1956
20232
29091
876
30074
11393
5512
20240
10187
9235
6277
18754
28418
28490
3464
14976
11697
29251
25801
15479
6113
19893
17847
31782
31910
21038
17713
26433
19958
14495
19450
18643
23226
17435
16743
6440
28454
12508
20059
1258
20294
5255
19573
28554
16346
5040
13704
29921
4452
4257
10060
11800
24959
14167
20307
15813
1650
2766
21310
26454
22789
22399
2352
13747
20628
12070
5251
29983
9569
20936
15034
1119
27950
10229
1207
16671
26124
12875
47
5009
25454
4667
13658
23895
4481
4112
9455
20387
704
16940
25167
27805
15299
14741
7680
14341
12631
22449
13406
23321
27860
12622
5261
16313
19115
8933
5042
26313
1855
31264
99
32215
3574
22681
2652
30717
16015
13285
21107
11785
7350
5841
14030
18908
7637
2027
12115
272
2350
14661
20064
25310
7719
25973
14780
15678
29924
32224
12238
23887
19739
3641
27917
12026
16164
31044
1464
32722
848
29408
1991
26943
17276
23364
31009
9692
10982
24457
1551
22045
10303
873
29681
30773
5633
30790
11312
5943
15618
25965
29555
30075
25930
1437
8470
13891
26913
15811
27352
19102
32365
4360
6355
9613
10811
5645
13746
31589
4764
20853
3870
4212
8882
6565
6777
23271
13578
26567
4559
31723
14380
14869
23817
21523
369
27476
7012
14074
16917
9118
24866
553
21133
18021
32128
6971
18459
437
23783
6463
2207
25273
23398
7517
20656
4993
7008
7869
24555
9730
13442
11684
16267
4191
20216
29152
22331
15975
32481
26727
17448
23646
29696
9275
9817
16128
20916
5776
22595
3267
17194
8753
17560
3165
8145
32288
20065
15494
13326
11132
32588
6399
562
680
28743
12499
4009
7082
8269
29149
4723
5585
11648
19850
4825
667
9337
6880
21848
30677
23004
22975
8418
3332
559
15207
13638
18436
31724
5179
1516
15599
32724
6853
3269
25921
11143
6137
18818
29241
6738
27838
16644
7810
72
4266
4372
17170
31636
28173
27733
13139
4109
16178
4726
9344
267
20705
6316
9298
32121
20008
5728
25309
21036
31068
2597
21428
5747
30298
2796
27220
1776
2578
6523
30144
678
29511
9755
24424
24146
16528
7825
20815
511
18339
6224
1901
1237
8658
27373
20563
15154
20950
20179
269
27388
30412
21560
24652
6709
12413
18000
19653
11215
6370
20160
8916
16066
30440
27989
9573
861
3696
6134
28180
31449
12698
5847
10387
21812
30531
28912
7500
24893
15052
31918
20296
17131
18717
26856
12624
25586
24298
21012
13906
21144
23605
14267
16646
709
20757
26154
14032
9562
18357
10347
14825
2500
28575
22131
20154
15825
3643
5021
28808
24514
22674
20823
22870
22177
6744
27163
263
25813
20010
26786
6084
18675
2836
20308
32669
24791
27478
29698
2419
756
20584
17367
30997
488
10299
908
5289
3667
6082
24540
17230
27370
11953
25144
32511
9927
2181
7611
7610
20995
32452
10336
13794
24711
20614
13427
8675
12063
25396
24133
26388
24273
144
548
993
31340
13813
11914
26921
6755
14560
1685
8933
31452
29872
10423
29707
14341
9642
28079
27058
9383
9536
5048
10614
28413
19347
10752
32542
1990
2614
20571
28028
32665
9269
7993
18069
20089
10070
19414
3842
14761
2718
23728
12438
19393
5655
574
16449
4866
30673
26591
23348
6631
10791
4369
24390
19964
3907
5859
663
18675
26085
22957
3699
12277
31583
31486
16761
7478
16101
13270
7420
18380
6659
23317
8617
24001
12911
12340
16234
17511
30977
15923
31883
13035
10752
27346
6172
23341
8863
1540
11158
5327
12231
28065
4033
16013
14871
6491
2260
18892
29482
8947
32222
9333
26648
7853
16230
29955
7487
22529
8526
23771
5955
18067
27646
13532
30035
20325
26814
30776
174
9803
3426
20866
21862
25504
2861
32264
2148
8760
17648
31586
28333
14741
28786
13131
27108
26718
26388
6576
24079
780
27061
28935
13470
31463
23508
10466
4265
20785
14836
2756
6265
19105
20293
10547
30794
30483
28288
17678
591
24957
12819
7457
4087
31781
1918
23543
2159
7441
2557
6127
12392
7871
28775
6546
10010
30999
4694
23588
13448
26270
18568
31865
19718
27116
11397
2571
28153
18272
31618
28233
14303
18194
8326
24113
27023
21257
10699
2592
8385
17839
11623
32745
976
31873
24875
29477
14527
779
27084
24523
19835
27156
9536
15105
30047
7958
29803
9777
16381
22513
18427
22622
11548
26335
29841
12729
16893
2731
4641
11631
995
3870
27291
9670
31697
20923
15307
7784
10134
32428
20606
2302
31751
6651
13542
14337
23692
10501
2623
29645
11230
4140
15795
26104
23054
30925
9851
20193
5066
21362
20296
14732
30428
19016
28385
8621
28659
14291
21517
16386
9638
30176
18611
28902
5302
6331
12352
26916
16787
27299
25929
11529
8994
15227
6770
32189
10942
22722
17038
12499
3453
16837
17415
9758
12980
27667
