100
4
18
19
56
68
85
85
106
121
124
156
170
185
188
190
195
200
227
228
234
253
276
284
286
290
298
314
315
318
319
328
332
350
358
374
384
391
405
442
445
457
469
481
483
485
486
487
494
499
528
537
548
553
562
593
594
594
610
620
623
631
635
639
644
644
648
662
664
668
680
684
689
692
695
700
711
722
727
785
787
793
795
800
804
817
821
847
875
889
902
914
920
926
927
929
931
941
980
982
988
