100
1
22
40
50
61
119
134
136
144
160
161
174
177
181
184
190
192
206
219
246
252
260
270
277
279
311
315
318
326
351
358
367
372
382
390
399
414
435
445
451
463
482
501
502
502
538
544
550
551
572
575
575
583
591
593
599
605
609
611
624
644
649
654
663
675
687
690
700
707
710
728
743
754
760
763
763
770
790
819
819
831
842
849
856
868
872
877
890
892
902
911
912
916
923
930
941
950
950
952
967
