1000
0
10
40
40
43
43
62
87
89
98
102
108
115
127
154
157
173
190
194
196
201
202
229
230
232
237
249
266
291
297
299
311
314
327
332
364
393
394
398
407
407
414
427
427
434
436
456
467
471
478
481
486
492
503
522
524
526
531
533
533
535
538
542
549
559
575
601
602
616
629
632
637
638
644
650
668
671
678
680
699
701
702
719
735
736
738
742
743
749
764
766
770
786
803
808
832
852
857
870
890
896
897
898
920
928
942
943
946
959
963
981
984
986
1006
1006
1007
1008
1009
1027
1037
1043
1060
1074
1078
1104
1109
1132
1134
1134
1135
1137
1141
1145
1148
1162
1165
1180
1180
1183
1184
1188
1201
1202
1216
1219
1223
1225
1231
1237
1242
1267
1287
1292
1304
1307
1311
1328
1335
1357
1362
1369
1371
1403
1403
1413
1428
1432
1436
1441
1458
1463
1474
1481
1485
1495
1524
1539
1542
1546
1551
1552
1561
1562
1566
1567
1611
1611
1618
1625
1626
1646
1653
1656
1672
1677
1681
1687
1689
1699
1718
1721
1722
1724
1726
1734
1737
1737
1739
1742
1752
1757
1758
1765
1784
1785
1788
1804
1812
1814
1816
1824
1830
1830
1851
1855
1856
1863
1865
1867
1868
1871
1883
1883
1891
1898
1907
1911
1913
1923
1947
1955
1959
1978
1987
1991
1992
1994
1995
2002
2008
2008
2013
2028
2037
2039
2055
2059
2060
2065
2065
2073
2077
2084
2089
2098
2101
2110
2114
2117
2119
2122
2144
2151
2164
2187
2202
2215
2218
2221
2228
2231
2236
2239
2244
2252
2256
2259
2275
2290
2299
2308
2308
2309
2319
2323
2327
2354
2358
2373
2374
2408
2410
2411
2421
2451
2464
2469
2478
2484
2485
2499
2501
2502
2502
2528
2531
2552
2557
2570
2580
2586
2595
2603
2605
2610
2622
2629
2634
2635
2638
2639
2652
2656
2686
2689
2693
2700
2701
2704
2707
2721
2722
2731
2744
2757
2798
2849
2853
2858
2866
2883
2885
2897
2899
2902
2903
2915
2916
2916
2948
2974
2981
2987
3002
3015
3030
3107
3111
3117
3119
3126
3137
3155
3166
3179
3200
3209
3223
3267
3272
3277
3296
3310
3319
3345
3347
3358
3362
3367
3377
3382
3393
3394
3431
3437
3445
3446
3460
3465
3466
3469
3488
3501
3510
3512
3521
3524
3557
3563
3575
3575
3577
3585
3601
3609
3621
3646
3658
3675
3680
3710
3748
3779
3779
3786
3792
3809
3817
3823
3823
3829
3840
3887
3887
3898
3902
3904
3905
3909
3922
3926
3932
3947
3949
3977
3979
3998
4000
4001
4002
4016
4018
4020
4040
4042
4047
4047
4071
4073
4081
4085
4092
4110
4117
4154
4177
4178
4202
4204
4222
4222
4227
4229
4231
4246
4251
4254
4260
4277
4280
4297
4329
4331
4331
4366
4368
4371
4381
4405
4431
4442
4464
4478
4486
4488
4493
4505
4520
4529
4537
4550
4552
4558
4567
4572
4574
4601
4603
4606
4616
4620
4627
4636
4638
4642
4670
4673
4705
4721
4735
4735
4737
4753
4753
4760
4761
4767
4775
4779
4783
4786
4800
4810
4814
4821
4822
4835
4869
4892
4902
4902
4911
4911
4911
4914
4922
4953
4967
4969
4979
4987
4990
4991
5002
5007
5017
5017
5059
5066
5077
5083
5115
5142
5196
5198
5206
5210
5216
5220
5222
5224
5224
5231
5245
5251
5262
5283
5287
5288
5297
5301
5312
5319
5331
5336
5347
5353
5355
5400
5437
5456
5456
5464
5468
5518
5518
5523
5539
5543
5577
5606
5609
5617
5643
5653
5678
5682
5694
5697
5706
5708
5720
5722
5727
5739
5755
5759
5763
5768
5804
5810
5814
5824
5876
5894
5895
5895
5899
5907
5911
5915
5967
5970
5975
5980
5984
5988
6003
6005
6008
6009
6010
6027
6043
6046
6048
6055
6073
6092
6093
6099
6108
6116
6133
6141
6144
6149
6156
6159
6164
6167
6171
6180
6198
6200
6201
6209
6235
6247
6272
6278
6286
6288
6301
6308
6310
6340
6375
6393
6398
6408
6414
6416
6416
6455
6470
6474
6502
6510
6514
6535
6536
6570
6576
6588
6612
6623
6632
6635
6661
6666
6669
6672
6684
6693
6696
6706
6716
6718
6719
6748
6760
6764
6766
6775
6790
6795
6807
6812
6817
6836
6879
6883
6886
6907
6910
6914
6917
6959
6962
6968
6980
6992
7008
7010
7034
7038
7038
7106
7110
7113
7113
7121
7122
7126
7147
7149
7182
7190
7199
7207
7210
7250
7269
7272
7276
7278
7303
7309
7332
7346
7353
7354
7367
7371
7382
7382
7414
7417
7428
7450
7462
7473
7473
7474
7485
7488
7488
7495
7496
7517
7518
7528
7534
7551
7568
7571
7584
7585
7596
7596
7604
7606
7621
7628
7634
7647
7668
7677
7682
7695
7695
7697
7699
7702
7749
7758
7762
7778
7791
7792
7804
7806
7809
7812
7818
7821
7826
7841
7846
7852
7865
7865
7889
7911
7915
7916
7922
7924
7924
7944
7960
8026
8028
8028
8030
8058
8067
8084
8126
8139
8148
8153
8167
8198
8228
8254
8268
8291
8293
8306
8311
8317
8321
8337
8344
8350
8360
8362
8394
8402
8407
8408
8411
8429
8472
8477
8479
8492
8494
8548
8558
8561
8562
8571
8579
8581
8603
8620
8653
8700
8704
8720
8742
8761
8762
8771
8782
8791
8791
8792
8798
8803
8811
8816
8816
8822
8849
8859
8874
8875
8880
8886
8888
8897
8910
8913
8916
8929
8934
8956
8958
8968
8976
8979
8981
9002
9032
9033
9040
9065
9077
9085
9087
9096
9099
9113
9127
9130
9138
9159
9184
9199
9203
9213
9238
9267
9270
9281
9281
9289
9307
9314
9353
9392
9397
9425
9429
9430
9431
9446
9460
9475
9479
9482
9483
9484
9509
9512
9521
9523
9527
9548
9566
9567
9577
9578
9582
9591
9596
9657
9664
9700
9710
9745
9766
9773
9774
9777
9807
9820
9822
9833
9845
9879
9891
9900
9912
9915
9925
9929
9937
9940
9941
9943
9950
9954
9959
9967
9995
