10000
7
12
13
13
15
16
16
16
22
28
31
37
40
40
44
47
64
65
70
70
75
80
81
83
85
93
93
94
95
95
107
109
114
118
118
119
124
126
127
127
127
128
132
132
137
139
143
143
148
157
158
171
172
172
179
181
182
183
185
187
188
190
191
193
195
197
209
216
216
222
225
226
227
231
236
238
241
242
247
249
255
256
262
263
269
270
270
273
275
279
280
283
285
286
290
292
295
295
298
302
303
303
305
312
316
316
324
330
330
331
338
340
340
348
350
356
360
365
365
377
378
379
381
382
383
384
386
390
392
396
402
405
406
408
414
415
420
425
427
441
441
441
442
446
447
448
450
451
453
454
458
459
460
460
460
464
467
470
472
474
482
484
492
499
523
523
526
531
534
536
536
538
539
548
552
560
562
563
564
567
568
569
574
585
586
587
592
596
602
602
603
606
620
622
623
624
626
630
630
638
648
652
653
653
657
668
670
674
676
680
681
684
690
691
694
699
700
706
710
714
715
723
724
725
727
727
731
731
744
745
748
748
751
753
760
760
767
767
768
773
773
778
782
786
790
790
791
792
792
799
802
803
818
822
828
831
831
833
835
836
839
841
847
851
862
863
871
873
874
876
882
883
892
893
895
896
898
902
904
904
905
908
909
911
914
916
922
922
923
925
927
927
928
929
933
934
941
945
950
954
958
959
959
961
964
972
979
986
994
996
1000
1002
1007
1007
1012
1020
1023
1024
1029
1038
1046
1052
1052
1055
1063
1064
1065
1065
1066
1066
1070
1070
1073
1075
1075
1079
1081
1081
1082
1083
1086
1094
1095
1097
1110
1111
1115
1117
1118
1120
1134
1137
1139
1146
1147
1150
1157
1157
1160
1162
1168
1169
1170
1171
1177
1180
1184
1187
1188
1191
1192
1196
1204
1207
1208
1211
1213
1218
1221
1221
1229
1231
1238
1242
1242
1245
1245
1247
1250
1254
1256
1256
1257
1259
1262
1262
1270
1274
1274
1277
1279
1280
1283
1290
1290
1293
1294
1298
1304
1306
1309
1315
1320
1326
1328
1335
1340
1341
1341
1342
1343
1345
1348
1348
1354
1356
1367
1369
1373
1378
1378
1384
1387
1392
1396
1396
1399
1408
1410
1412
1413
1413
1419
1423
1424
1431
1433
1440
1444
1445
1449
1449
1452
1463
1470
1474
1482
1483
1487
1491
1493
1498
1501
1502
1503
1505
1506
1509
1512
1520
1528
1537
1540
1541
1542
1544
1545
1550
1551
1552
1557
1558
1563
1565
1565
1569
1572
1573
1573
1574
1574
1576
1586
1590
1593
1599
1602
1602
1603
1603
1603
1606
1610
1616
1617
1620
1622
1624
1626
1627
1629
1632
1633
1648
1653
1655
1656
1658
1659
1659
1664
1665
1670
1681
1682
1682
1685
1687
1689
1693
1694
1698
1699
1699
1700
1702
1703
1710
1714
1715
1718
1720
1721
1725
1726
1726
1730
1731
1733
1734
1737
1739
1743
1747
1748
1752
1754
1756
1770
1770
1771
1776
1779
1786
1787
1790
1790
1792
1802
1803
1804
1805
1805
1808
1809
1811
1814
1814
1819
1820
1826
1834
1837
1837
1838
1840
1843
1853
1854
1860
1862
1862
1864
1870
1872
1875
1878
1878
1881
1886
1889
1889
1911
1911
1912
1913
1915
1925
1928
1928
1932
1932
1934
1935
1937
1939
1942
1949
1953
1961
1963
1971
1971
1982
1983
1985
1985
1994
2001
2002
2003
2004
2008
2011
2013
2021
2022
2037
2040
2044
2047
2050
2053
2054
2059
2061
2075
2077
2077
2079
2080
2091
2095
2099
2099
2102
2104
2106
2111
2113
2115
2115
2116
2116
2118
2122
2124
2136
2136
2140
2140
2143
2152
2160
2164
2173
2174
2175
2179
2179
2179
2185
2189
2190
2194
2195
2196
2197
2204
2205
2221
2223
2230
2230
2236
2238
2240
2251
2251
2254
2255
2255
2257
2264
2267
2279
2283
2285
2286
2287
2287
2290
2290
2294
2303
2307
2308
2309
2320
2331
2332
2334
2336
2336
2338
2342
2343
2344
2352
2357
2359
2360
2361
2362
2367
2372
2386
2391
2393
2394
2394
2397
2400
2400
2402
2402
2405
2407
2411
2417
2420
2422
2423
2424
2426
2432
2437
2440
2448
2449
2449
2451
2454
2454
2455
2460
2463
2464
2464
2464
2472
2473
2483
2491
2492
2495
2508
2509
2510
2512
2513
2515
2517
2523
2525
2539
2543
2549
2550
2553
2553
2555
2560
2569
2571
2572
2577
2584
2587
2588
2591
2592
2594
2598
2599
2608
2609
2610
2612
2614
2621
2622
2629
2629
2632
2635
2639
2646
2648
2649
2652
2655
2658
2665
2666
2667
2674
2681
2682
2684
2687
2692
2694
2695
2697
2700
2702
2710
2715
2715
2717
2717
2722
2726
2726
2727
2728
2735
2735
2741
2744
2745
2745
2747
2749
2757
2757
2761
2766
2771
2775
2780
2780
2782
2783
2784
2787
2788
2788
2790
2791
2793
2797
2802
2804
2804
2807
2808
2809
2809
2811
2812
2820
2822
2825
2827
2835
2841
2848
2850
2851
2855
2857
2858
2858
2864
2871
2872
2873
2879
2886
2887
2891
2892
2893
2894
2896
2899
2900
2903
2904
2905
2907
2907
2913
2920
2921
2922
2928
2929
2937
2945
2947
2950
2958
2961
2963
2963
2969
2983
2988
2992
2993
2994
2994
2995
3004
3008
3012
3022
3032
3033
3036
3039
3041
3045
3048
3052
3056
3059
3060
3063
3063
3066
3070
3077
3077
3083
3094
3102
3103
3107
3109
3110
3112
3115
3119
3120
3121
3122
3124
3132
3134
3138
3143
3146
3152
3155
3163
3164
3169
3170
3172
3187
3192
3200
3204
3205
3207
3210
3211
3214
3214
3222
3224
3228
3229
3230
3232
3236
3240
3249
3252
3254
3257
3258
3261
3269
3269
3269
3274
3285
3286
3293
3295
3300
3304
3304
3305
3309
3312
3312
3313
3314
3326
3329
3331
3332
3334
3336
3339
3340
3340
3342
3344
3349
3357
3359
3366
3367
3368
3372
3373
3377
3381
3384
3385
3390
3392
3394
3396
3399
3402
3403
3412
3415
3418
3420
3425
3430
3438
3438
3442
3443
3446
3447
3448
3452
3452
3454
3456
3456
3457
3458
3461
3463
3465
3466
3468
3475
3479
3482
3482
3483
3486
3487
3491
3491
3493
3493
3493
3494
3495
3497
3501
3504
3508
3511
3517
3519
3520
3523
3524
3537
3538
3541
3547
3551
3553
3554
3554
3556
3560
3562
3563
3565
3572
3588
3599
3606
3609
3610
3612
3612
3615
3618
3620
3626
3632
3636
3641
3642
3644
3645
3645
3651
3656
3658
3665
3665
3669
3669
3669
3671
3673
3673
3676
3677
3682
3688
3689
3690
3693
3694
3695
3696
3702
3704
3705
3708
3709
3712
3714
3716
3717
3721
3725
3726
3729
3739
3739
3741
3749
3750
3755
3759
3761
3766
3766
3774
3778
3783
3784
3787
3791
3791
3796
3804
3806
3807
3812
3812
3814
3814
3814
3815
3817
3820
3826
3828
3829
3843
3844
3847
3850
3853
3854
3858
3865
3866
3867
3867
3884
3886
3890
3898
3906
3912
3914
3914
3917
3920
3921
3921
3925
3930
3932
3934
3935
3938
3940
3959
3963
3965
3967
3967
3967
3969
3970
3972
3972
3982
3992
3995
3995
3997
3998
3999
4003
4006
4008
4013
4019
4019
4023
4023
4027
4027
4037
4037
4038
4046
4046
4050
4052
4054
4057
4059
4060
4063
4075
4077
4084
4084
4089
4090
4091
4094
4100
4101
4105
4105
4106
4109
4109
4110
4111
4119
4122
4124
4128
4129
4139
4140
4141
4149
4150
4155
4164
4169
4174
4176
4179
4186
4187
4190
4193
4195
4202
4209
4215
4220
4229
4239
4240
4241
4244
4247
4249
4252
4252
4258
4261
4263
4265
4267
4273
4277
4283
4288
4288
4292
4293
4294
4297
4301
4307
4309
4314
4319
4326
4328
4330
4333
4333
4336
4337
4342
4343
4343
4345
4349
4352
4355
4357
4358
4364
4364
4365
4374
4376
4377
4387
4389
4391
4395
4396
4398
4404
4405
4405
4409
4414
4414
4416
4421
4421
4422
4423
4426
4428
4430
4433
4436
4437
4447
4451
4455
4457
4461
4462
4469
4472
4473
4477
4484
4492
4495
4496
4515
4524
4525
4528
4534
4535
4536
4538
4540
4557
4560
4567
4570
4575
4581
4591
4591
4598
4600
4603
4605
4608
4618
4628
4630
4630
4631
4636
4638
4640
4643
4643
4648
4650
4652
4661
4666
4666
4666
4668
4672
4690
4691
4693
4693
4695
4696
4698
4699
4704
4705
4710
4710
4710
4711
4712
4713
4716
4719
4728
4728
4730
4734
4735
4742
4743
4747
4748
4749
4752
4755
4755
4756
4762
4762
4763
4763
4765
4766
4768
4775
4779
4783
4784
4785
4795
4800
4804
4806
4815
4817
4820
4821
4828
4829
4837
4840
4841
4842
4843
4844
4844
4847
4851
4856
4859
4863
4867
4871
4873
4881
4883
4883
4884
4886
4891
4899
4908
4919
4919
4925
4931
4939
4941
4943
4946
4946
4957
4960
4960
4970
4972
4973
4974
4976
4977
4980
4981
4981
4982
4984
4985
4987
4988
4989
4992
4998
4999
5000
5003
5005
5011
5019
5022
5027
5028
5029
5029
5030
5034
5037
5042
5043
5047
5052
5058
5060
5063
5065
5065
5067
5068
5070
5073
5078
5079
5080
5080
5083
5084
5087
5096
5103
5104
5108
5113
5127
5129
5136
5139
5140
5142
5144
5144
5144
5146
5147
5153
5153
5157
5159
5164
5164
5167
5169
5172
5176
5177
5181
5181
5186
5187
5187
5191
5192
5193
5208
5212
5217
5221
5222
5223
5231
5233
5233
5237
5240
5240
5240
5242
5248
5257
5260
5266
5268
5271
5272
5274
5276
5277
5278
5279
5279
5283
5288
5290
5291
5295
5297
5301
5302
5303
5304
5305
5310
5312
5312
5317
5319
5324
5327
5331
5333
5336
5337
5338
5339
5339
5342
5342
5342
5351
5360
5360
5371
5371
5374
5379
5387
5388
5388
5389
5392
5403
5414
5418
5433
5434
5440
5441
5450
5453
5461
5468
5469
5474
5476
5477
5497
5503
5512
5531
5531
5536
5540
5550
5551
5552
5557
5571
5572
5573
5575
5576
5577
5579
5581
5596
5599
5600
5603
5603
5603
5603
5609
5613
5614
5625
5626
5627
5630
5631
5632
5633
5634
5638
5641
5643
5646
5647
5648
5649
5655
5661
5664
5666
5669
5674
5674
5676
5679
5687
5697
5702
5706
5709
5710
5713
5715
5722
5727
5729
5730
5730
5730
5732
5735
5739
5740
5742
5744
5745
5746
5758
5758
5759
5765
5769
5772
5775
5779
5789
5796
5796
5797
5798
5816
5817
5818
5818
5824
5836
5836
5839
5841
5844
5847
5851
5852
5859
5859
5864
5867
5871
5872
5872
5873
5873
5880
5882
5887
5897
5898
5903
5904
5905
5906
5907
5912
5915
5919
5924
5925
5927
5932
5937
5940
5940
5945
5955
5957
5961
5969
5973
5974
5976
5978
5979
5985
5989
5990
5997
6000
6001
6002
6002
6006
6008
6009
6014
6015
6016
6017
6017
6021
6023
6026
6030
6030
6032
6032
6035
6040
6042
6047
6047
6049
6050
6052
6055
6057
6061
6066
6069
6073
6078
6078
6082
6083
6086
6086
6086
6089
6100
6107
6116
6122
6122
6122
6128
6128
6130
6134
6139
6142
6146
6149
6152
6152
6153
6160
6170
6176
6176
6177
6182
6184
6187
6190
6192
6193
6196
6200
6201
6203
6206
6206
6208
6213
6217
6219
6225
6232
6235
6238
6238
6240
6245
6248
6251
6252
6262
6264
6266
6269
6272
6280
6285
6293
6295
6298
6301
6307
6309
6314
6315
6319
6319
6326
6326
6331
6335
6336
6339
6345
6347
6347
6351
6360
6363
6369
6374
6379
6382
6382
6382
6386
6387
6388
6390
6391
6393
6393
6401
6401
6406
6409
6411
6416
6417
6422
6425
6435
6436
6439
6440
6440
6442
6451
6451
6452
6456
6457
6462
6463
6468
6470
6470
6474
6475
6480
6482
6484
6485
6486
6486
6491
6492
6493
6494
6494
6512
6515
6515
6515
6516
6518
6521
6523
6523
6523
6526
6528
6535
6538
6538
6547
6547
6551
6556
6560
6561
6562
6565
6567
6568
6568
6569
6569
6571
6574
6575
6578
6583
6587
6596
6599
6609
6628
6631
6631
6631
6631
6636
6641
6645
6650
6653
6657
6658
6664
6670
6670
6673
6677
6677
6678
6683
6692
6692
6694
6701
6706
6706
6707
6709
6709
6717
6718
6720
6723
6727
6731
6733
6738
6740
6746
6749
6756
6760
6764
6768
6769
6775
6777
6784
6786
6787
6798
6806
6817
6824
6824
6825
6830
6837
6837
6846
6847
6849
6857
6864
6868
6869
6871
6877
6879
6881
6882
6882
6889
6890
6894
6894
6897
6902
6913
6913
6914
6919
6919
6928
6934
6937
6942
6942
6943
6945
6945
6947
6947
6948
6956
6957
6964
6965
6967
6969
6972
6978
6978
6979
6979
6980
6982
6983
6993
6994
6994
6998
7007
7009
7012
7021
7022
7025
7026
7027
7029
7029
7031
7032
7032
7039
7039
7042
7054
7055
7055
7058
7064
7080
7083
7083
7086
7086
7094
7095
7097
7099
7102
7103
7106
7108
7109
7111
7113
7115
7117
7117
7118
7120
7120
7121
7122
7124
7145
7148
7150
7151
7154
7158
7162
7164
7169
7173
7173
7176
7176
7180
7188
7188
7195
7199
7205
7206
7212
7216
7216
7224
7225
7228
7230
7232
7238
7243
7249
7252
7253
7255
7257
7258
7260
7263
7265
7267
7267
7269
7269
7270
7278
7286
7295
7304
7307
7310
7310
7311
7312
7315
7316
7322
7324
7338
7339
7345
7346
7349
7352
7353
7355
7356
7363
7365
7368
7371
7373
7373
7385
7387
7397
7401
7406
7407
7413
7414
7420
7422
7431
7438
7440
7441
7443
7455
7465
7465
7467
7468
7470
7470
7470
7472
7474
7475
7482
7488
7488
7490
7492
7500
7503
7504
7507
7507
7508
7524
7525
7531
7535
7535
7539
7540
7540
7540
7542
7551
7555
7555
7556
7560
7564
7564
7567
7567
7570
7570
7586
7589
7590
7591
7594
7597
7600
7601
7605
7608
7609
7617
7618
7619
7627
7627
7634
7634
7636
7640
7642
7642
7643
7644
7644
7659
7663
7664
7667
7668
7670
7670
7673
7674
7677
7678
7679
7685
7693
7693
7694
7700
7702
7704
7707
7707
7711
7712
7716
7717
7717
7722
7723
7728
7738
7740
7741
7751
7752
7765
7769
7770
7773
7774
7776
7777
7780
7791
7795
7804
7806
7806
7808
7808
7809
7818
7818
7829
7830
7840
7848
7849
7850
7856
7856
7857
7859
7862
7871
7875
7876
7876
7880
7881
7884
7888
7889
7889
7893
7898
7899
7904
7909
7916
7918
7920
7920
7924
7924
7925
7927
7931
7933
7936
7939
7939
7948
7960
7961
7962
7962
7964
7964
7966
7980
7980
7981
7983
7984
7985
7988
7988
7989
7992
7994
7996
8000
8001
8003
8003
8006
8013
8021
8021
8024
8026
8039
8041
8043
8043
8056
8066
8069
8070
8080
8082
8085
8089
8099
8100
8109
8110
8112
8113
8113
8117
8128
8129
8131
8143
8151
8152
8156
8157
8159
8162
8162
8163
8164
8166
8168
8170
8178
8178
8182
8191
8195
8197
8201
8204
8215
8224
8225
8227
8231
8231
8232
8241
8246
8247
8250
8250
8256
8263
8263
8268
8271
8278
8282
8287
8289
8289
8291
8294
8301
8302
8305
8308
8309
8314
8318
8319
8320
8320
8321
8323
8326
8330
8335
8340
8342
8345
8347
8351
8353
8355
8360
8361
8365
8366
8368
8379
8382
8383
8390
8392
8393
8403
8404
8405
8405
8406
8407
8408
8421
8423
8427
8432
8435
8444
8451
8464
8464
8471
8471
8475
8477
8482
8482
8482
8483
8483
8490
8492
8494
8494
8496
8506
8509
8511
8511
8515
8516
8518
8522
8529
8530
8533
8536
8541
8544
8551
8553
8557
8559
8559
8567
8572
8574
8574
8579
8582
8584
8592
8594
8596
8598
8609
8611
8612
8612
8614
8614
8615
8618
8624
8626
8627
8634
8634
8635
8638
8644
8645
8645
8645
8649
8649
8651
8652
8659
8675
8677
8680
8681
8681
8684
8698
8701
8701
8703
8705
8707
8708
8709
8719
8732
8739
8743
8747
8748
8751
8752
8762
8763
8764
8768
8772
8772
8772
8778
8778
8783
8784
8791
8791
8793
8798
8807
8808
8813
8816
8821
8822
8826
8830
8834
8835
8838
8841
8843
8845
8846
8851
8853
8853
8856
8857
8861
8864
8865
8870
8882
8892
8897
8897
8898
8901
8901
8908
8909
8913
8923
8931
8934
8934
8936
8937
8939
8939
8944
8945
8950
8955
8966
8966
8967
8969
8974
8979
8985
8985
8986
8990
8992
8996
8998
9002
9010
9011
9014
9024
9024
9025
9026
9031
9033
9036
9043
9055
9058
9065
9077
9078
9080
9082
9085
9085
9087
9090
9091
9092
9096
9097
9101
9107
9109
9112
9117
9133
9134
9135
9146
9146
9149
9153
9154
9156
9159
9162
9166
9178
9179
9180
9184
9185
9189
9191
9195
9195
9200
9201
9206
9207
9208
9208
9210
9212
9213
9218
9220
9220
9221
9223
9232
9235
9237
9241
9245
9251
9255
9262
9262
9263
9268
9272
9273
9274
9286
9289
9293
9311
9313
9315
9318
9326
9329
9335
9336
9336
9336
9337
9338
9357
9357
9362
9366
9380
9383
9385
9386
9386
9394
9395
9395
9395
9396
9398
9403
9405
9411
9414
9414
9419
9420
9421
9426
9429
9432
9434
9436
9447
9450
9450
9450
9453
9458
9458
9464
9467
9470
9471
9472
9472
9473
9474
9478
9479
9480
9481
9485
9488
9489
9494
9500
9501
9501
9504
9505
9511
9511
9516
9526
9529
9529
9531
9534
9535
9538
9539
9541
9542
9550
9566
9567
9569
9574
9574
9578
9578
9578
9591
9591
9599
9602
9606
9615
9616
9619
9620
9623
9624
9639
9645
9646
9649
9653
9653
9654
9654
9655
9662
9664
9674
9677
9680
9687
9702
9709
9714
9719
9723
9725
9725
9727
9730
9731
9731
9732
9733
9737
9739
9748
9750
9751
9753
9759
9759
9759
9762
9762
9763
9764
9775
9776
9777
9781
9782
9783
9783
9786
9803
9804
9807
9813
9817
9817
9823
9825
9826
9826
9833
9838
9840
9843
9851
9852
9853
9869
9871
9873
9875
9883
9885
9889
9890
9892
9893
9894
9895
9896
9897
9905
9912
9913
9914
9920
9928
9930
9932
9936
9948
9954
9957
9966
9973
9978
9979
9990
9990
9991
9996
10000
10009
10010
10014
10015
10019
10021
10022
10026
10035
10043
10045
10048
10055
10059
10066
10068
10069
10071
10080
10081
10082
10083
10086
10089
10090
10092
10093
10096
10096
10097
10098
10100
10103
10105
10106
10110
10110
10111
10113
10118
10121
10124
10127
10131
10136
10140
10144
10145
10145
10160
10161
10163
10169
10171
10175
10178
10181
10182
10187
10187
10189
10189
10194
10195
10202
10205
10209
10225
10228
10229
10229
10243
10244
10246
10246
10250
10252
10259
10260
10264
10265
10267
10268
10273
10282
10288
10289
10290
10290
10291
10293
10303
10304
10305
10307
10313
10317
10317
10320
10322
10330
10332
10333
10335
10337
10338
10341
10346
10348
10352
10354
10355
10358
10359
10364
10367
10370
10371
10376
10377
10380
10383
10388
10392
10394
10403
10405
10406
10409
10410
10417
10419
10426
10447
10452
10452
10465
10467
10475
10479
10481
10484
10489
10489
10494
10499
10500
10504
10508
10512
10516
10518
10518
10521
10527
10533
10537
10546
10547
10549
10550
10554
10561
10561
10566
10578
10581
10581
10583
10591
10591
10594
10605
10610
10616
10618
10624
10624
10625
10625
10632
10632
10636
10639
10644
10647
10649
10652
10656
10657
10675
10679
10681
10682
10684
10685
10694
10694
10701
10704
10714
10722
10733
10736
10744
10744
10748
10752
10753
10756
10760
10762
10768
10772
10772
10773
10782
10785
10787
10789
10792
10794
10794
10797
10797
10799
10801
10801
10801
10807
10808
10815
10816
10819
10822
10825
10826
10826
10832
10833
10834
10837
10844
10844
10845
10847
10850
10851
10854
10856
10857
10858
10858
10859
10860
10861
10866
10868
10874
10875
10876
10877
10878
10886
10888
10894
10899
10900
10907
10908
10909
10911
10912
10919
10919
10925
10930
10932
10933
10933
10941
10942
10943
10943
10944
10945
10953
10956
10957
10967
10968
10970
10987
10990
11001
11006
11007
11016
11028
11030
11030
11034
11044
11046
11054
11055
11061
11062
11067
11068
11071
11071
11072
11075
11075
11075
11076
11079
11081
11087
11091
11091
11092
11096
11096
11106
11109
11112
11113
11114
11114
11117
11120
11128
11131
11131
11131
11133
11144
11151
11162
11162
11164
11165
11165
11167
11170
11171
11180
11182
11192
11193
11193
11195
11196
11201
11203
11204
11206
11209
11211
11213
11214
11221
11223
11228
11231
11231
11231
11246
11246
11246
11247
11249
11252
11255
11258
11258
11259
11260
11261
11268
11270
11272
11274
11275
11278
11283
11289
11300
11301
11303
11306
11307
11308
11317
11321
11324
11326
11327
11329
11335
11335
11339
11344
11351
11352
11355
11356
11357
11357
11364
11365
11367
11369
11370
11381
11382
11386
11387
11387
11388
11389
11391
11395
11401
11405
11411
11412
11414
11419
11419
11432
11434
11439
11442
11443
11448
11451
11452
11457
11459
11462
11463
11464
11465
11468
11469
11469
11469
11472
11475
11477
11482
11484
11485
11485
11486
11490
11490
11490
11494
11494
11497
11497
11502
11504
11510
11514
11517
11517
11517
11518
11523
11526
11526
11528
11530
11531
11532
11542
11542
11544
11545
11548
11549
11554
11558
11565
11568
11568
11574
11576
11576
11577
11578
11579
11592
11593
11598
11599
11601
11611
11614
11625
11631
11635
11638
11647
11653
11653
11654
11664
11666
11671
11673
11679
11689
11690
11692
11697
11703
11709
11713
11714
11717
11718
11721
11723
11723
11723
11726
11727
11728
11729
11729
11730
11731
11731
11733
11739
11739
11739
11741
11746
11752
11756
11757
11770
11776
11780
11781
11781
11788
11798
11800
11806
11806
11807
11812
11816
11817
11821
11824
11830
11837
11840
11858
11867
11869
11873
11882
11883
11883
11890
11891
11894
11897
11904
11919
11919
11920
11924
11926
11927
11936
11938
11941
11948
11957
11960
11968
11971
11974
11979
11979
11982
11984
11986
11987
11988
11991
11992
11993
11999
12002
12004
12011
12015
12015
12015
12020
12021
12026
12026
12028
12032
12032
12037
12053
12053
12055
12057
12064
12065
12067
12068
12072
12074
12075
12078
12080
12080
12084
12093
12093
12093
12096
12097
12101
12108
12112
12115
12119
12121
12126
12132
12146
12148
12150
12152
12153
12156
12157
12157
12158
12173
12174
12180
12183
12184
12189
12198
12199
12199
12202
12205
12208
12217
12218
12225
12227
12228
12228
12228
12230
12235
12237
12241
12243
12245
12254
12255
12256
12262
12263
12265
12268
12271
12272
12272
12273
12274
12284
12286
12288
12289
12290
12294
12297
12301
12315
12321
12326
12326
12330
12331
12332
12339
12342
12343
12348
12356
12356
12357
12360
12373
12374
12376
12381
12386
12386
12388
12398
12402
12408
12408
12411
12411
12415
12417
12420
12422
12428
12435
12445
12449
12450
12452
12454
12455
12456
12457
12458
12460
12460
12463
12466
12467
12469
12470
12470
12471
12477
12480
12483
12488
12488
12490
12491
12491
12493
12496
12503
12504
12504
12510
12513
12515
12527
12528
12533
12535
12536
12540
12542
12544
12546
12546
12571
12579
12580
12580
12583
12585
12586
12588
12588
12589
12592
12594
12596
12608
12608
12609
12614
12618
12620
12620
12624
12627
12628
12628
12630
12633
12635
12635
12641
12643
12644
12645
12650
12650
12652
12662
12667
12672
12673
12674
12675
12678
12682
12683
12683
12686
12686
12689
12690
12701
12704
12706
12710
12712
12714
12722
12725
12729
12733
12738
12738
12738
12740
12745
12751
12756
12758
12759
12760
12762
12765
12766
12778
12778
12778
12781
12787
12793
12794
12795
12797
12797
12798
12800
12803
12805
12806
12810
12811
12812
12813
12823
12825
12837
12843
12846
12853
12853
12867
12871
12872
12875
12876
12876
12879
12882
12883
12890
12894
12894
12895
12896
12896
12897
12900
12904
12909
12916
12917
12920
12925
12929
12935
12941
12944
12948
12951
12953
12957
12960
12963
12963
12963
12963
12967
12968
12973
12976
12979
12981
12981
12983
12989
12992
12997
13003
13008
13008
13010
13020
13021
13024
13034
13041
13049
13058
13058
13062
13069
13076
13079
13081
13091
13092
13094
13094
13100
13101
13104
13109
13109
13110
13113
13116
13120
13126
13133
13133
13135
13140
13144
13144
13148
13157
13159
13162
13163
13166
13170
13170
13171
13175
13177
13177
13180
13190
13199
13200
13217
13219
13222
13224
13226
13230
13232
13233
13234
13236
13237
13239
13246
13251
13251
13257
13260
13261
13264
13270
13272
13273
13274
13275
13278
13282
13285
13286
13291
13291
13297
13299
13303
13303
13308
13311
13312
13315
13316
13317
13320
13321
13321
13323
13327
13334
13345
13347
13350
13355
13356
13357
13360
13373
13376
13381
13382
13386
13388
13388
13389
13391
13392
13396
13398
13401
13401
13410
13411
13414
13415
13417
13421
13423
13435
13438
13438
13439
13444
13448
13456
13457
13459
13466
13467
13468
13469
13471
13472
13474
13475
13478
13479
13480
13481
13483
13487
13490
13491
13493
13497
13499
13500
13502
13506
13514
13521
13523
13526
13527
13527
13530
13533
13535
13536
13540
13541
13543
13545
13545
13549
13549
13549
13551
13555
13558
13561
13563
13564
13565
13568
13570
13573
13578
13579
13580
13581
13586
13586
13594
13595
13599
13603
13609
13610
13614
13614
13615
13621
13628
13630
13632
13632
13642
13643
13644
13647
13648
13650
13656
13657
13660
13665
13666
13669
13682
13686
13691
13692
13692
13694
13694
13695
13700
13701
13701
13703
13706
13706
13707
13711
13719
13723
13728
13734
13741
13749
13750
13751
13757
13760
13765
13766
13769
13771
13778
13779
13783
13783
13787
13788
13789
13791
13797
13798
13798
13800
13810
13812
13814
13816
13819
13826
13827
13831
13835
13838
13840
13845
13845
13848
13852
13853
13854
13859
13864
13864
13865
13868
13873
13875
13881
13892
13892
13896
13898
13898
13901
13903
13904
13907
13917
13917
13918
13924
13927
13931
13934
13937
13940
13940
13941
13943
13944
13952
13958
13962
13962
13968
13973
13979
13979
13980
13983
13996
13997
13998
14001
14010
14015
14020
14034
14037
14044
14048
14050
14052
14052
14058
14060
14067
14068
14071
14075
14081
14084
14091
14098
14101
14102
14108
14110
14110
14112
14114
14116
14116
14119
14124
14129
14131
14135
14138
14139
14140
14143
14151
14154
14162
14165
14170
14172
14174
14177
14182
14182
14182
14183
14183
14183
14188
14193
14197
14202
14205
14207
14211
14211
14217
14217
14221
14226
14237
14240
14258
14258
14262
14264
14264
14265
14271
14272
14275
14280
14281
14285
14285
14293
14294
14294
14294
14300
14300
14306
14311
14318
14320
14323
14325
14328
14344
14353
14353
14355
14358
14360
14362
14363
14365
14367
14367
14368
14369
14371
14377
14379
14385
14392
14399
14402
14406
14407
14415
14419
14422
14423
14428
14431
14432
14446
14451
14452
14454
14454
14461
14462
14467
14468
14471
14473
14475
14480
14485
14485
14496
14497
14497
14498
14499
14500
14501
14502
14505
14505
14508
14509
14512
14514
14516
14517
14517
14520
14522
14526
14530
14531
14533
14534
14537
14542
14542
14545
14546
14558
14564
14569
14570
14570
14575
14577
14578
14579
14582
14583
14585
14591
14599
14604
14604
14608
14618
14619
14619
14619
14626
14627
14631
14631
14631
14631
14635
14637
14642
14644
14645
14650
14651
14651
14658
14661
14663
14665
14665
14667
14668
14671
14673
14679
14686
14687
14693
14701
14708
14712
14712
14718
14722
14733
14733
14735
14738
14740
14749
14756
14759
14761
14761
14762
14762
14766
14767
14770
14772
14775
14778
14779
14782
14786
14792
14792
14800
14802
14802
14810
14810
14815
14816
14824
14826
14833
14833
14837
14839
14840
14843
14845
14845
14848
14849
14853
14857
14860
14861
14864
14869
14874
14879
14881
14882
14894
14902
14904
14911
14912
14913
14916
14917
14918
14922
14922
14924
14925
14926
14929
14931
14932
14947
14949
14950
14953
14953
14959
14961
14965
14966
14969
14970
14972
14975
14977
14983
14983
14992
14992
14998
14998
14999
15003
15012
15026
15032
15032
15037
15037
15048
15049
15049
15050
15051
15057
15060
15063
15066
15070
15071
15078
15082
15082
15086
15087
15093
15097
15106
15107
15107
15110
15110
15110
15113
15113
15115
15116
15117
15118
15119
15121
15122
15129
15130
15135
15135
15138
15142
15144
15147
15148
15155
15157
15158
15159
15164
15167
15170
15174
15174
15176
15178
15187
15193
15197
15199
15201
15202
15207
15222
15224
15225
15227
15229
15232
15240
15241
15242
15242
15244
15244
15244
15246
15249
15251
15252
15255
15255
15267
15277
15285
15292
15298
15299
15300
15301
15303
15308
15308
15310
15310
15311
15312
15315
15315
15320
15321
15325
15326
15327
15330
15334
15339
15341
15342
15342
15344
15348
15349
15354
15355
15357
15366
15369
15373
15377
15377
15378
15384
15386
15386
15387
15394
15399
15405
15407
15409
15409
15411
15413
15417
15418
15419
15425
15426
15428
15431
15433
15437
15442
15442
15450
15451
15455
15456
15458
15464
15472
15475
15478
15480
15481
15483
15483
15484
15485
15491
15493
15497
15498
15507
15508
15510
15510
15514
15519
15521
15522
15524
15535
15542
15545
15546
15547
15547
15547
15548
15550
15550
15555
15556
15560
15565
15569
15570
15572
15574
15578
15579
15581
15587
15587
15592
15592
15592
15598
15604
15604
15607
15607
15611
15611
15611
15614
15620
15622
15623
15625
15627
15634
15636
15654
15655
15657
15658
15658
15659
15659
15665
15665
15665
15666
15670
15672
15678
15680
15682
15687
15688
15690
15691
15695
15699
15704
15705
15710
15710
15712
15719
15719
15720
15723
15727
15729
15731
15731
15732
15737
15739
15747
15750
15754
15757
15757
15760
15762
15768
15770
15776
15776
15778
15778
15780
15781
15784
15791
15791
15794
15797
15800
15800
15802
15805
15806
15806
15807
15808
15811
15819
15828
15832
15841
15845
15845
15851
15854
15856
15872
15878
15883
15888
15891
15892
15895
15897
15901
15906
15911
15912
15921
15923
15924
15926
15929
15930
15934
15934
15935
15936
15937
15943
15944
15944
15948
15951
15955
15956
15957
15960
15964
15964
15965
15970
15977
15978
15980
15983
15984
15992
16000
16005
16006
16008
16011
16011
16013
16014
16015
16018
16018
16023
16025
16025
16031
16032
16032
16036
16047
16048
16049
16053
16060
16060
16066
16069
16073
16073
16083
16093
16094
16095
16099
16104
16106
16111
16112
16116
16123
16125
16125
16126
16126
16127
16134
16134
16135
16136
16142
16144
16145
16145
16150
16156
16169
16174
16182
16183
16185
16189
16199
16210
16211
16213
16216
16217
16219
16221
16222
16223
16228
16229
16230
16233
16236
16240
16240
16241
16241
16243
16243
16252
16255
16257
16259
16266
16269
16269
16270
16287
16288
16290
16290
16294
16296
16297
16297
16297
16297
16297
16298
16304
16308
16309
16313
16314
16314
16316
16316
16318
16322
16323
16342
16342
16343
16343
16354
16356
16359
16359
16360
16360
16364
16365
16369
16370
16376
16379
16382
16393
16399
16407
16413
16413
16415
16420
16420
16428
16433
16433
16438
16446
16448
16448
16450
16453
16453
16458
16473
16480
16482
16482
16484
16489
16497
16498
16500
16504
16512
16524
16525
16525
16527
16531
16534
16540
16542
16552
16554
16558
16562
16563
16564
16565
16566
16568
16571
16578
16579
16579
16586
16586
16587
16588
16588
16590
16592
16592
16593
16594
16595
16596
16602
16609
16622
16626
16629
16632
16633
16635
16640
16641
16642
16646
16646
16665
16671
16677
16688
16690
16691
16702
16703
16706
16706
16707
16711
16712
16718
16722
16722
16723
16726
16727
16728
16736
16736
16738
16741
16747
16748
16749
16760
16764
16764
16767
16769
16775
16777
16778
16784
16792
16792
16796
16797
16804
16804
16806
16807
16810
16810
16812
16814
16815
16815
16815
16818
16821
16822
16824
16827
16831
16836
16837
16838
16839
16840
16849
16849
16852
16852
16852
16856
16856
16857
16857
16859
16859
16860
16866
16872
16873
16879
16881
16881
16882
16883
16885
16889
16892
16895
16896
16897
16909
16913
16913
16914
16916
16916
16920
16923
16927
16932
16934
16937
16937
16939
16940
16941
16943
16946
16946
16947
16951
16953
16954
16956
16958
16971
16972
16975
16981
16986
16992
16994
16998
16999
17001
17004
17006
17007
17007
17013
17015
17017
17019
17030
17031
17034
17035
17043
17048
17048
17052
17052
17070
17070
17074
17074
17075
17077
17081
17083
17083
17091
17093
17093
17093
17098
17102
17102
17103
17105
17112
17114
17119
17120
17127
17128
17134
17143
17144
17147
17160
17163
17164
17166
17170
17170
17171
17175
17188
17198
17200
17206
17211
17215
17217
17217
17219
17221
17224
17234
17247
17248
17254
17255
17256
17259
17259
17268
17269
17272
17273
17274
17275
17279
17281
17284
17291
17292
17293
17294
17300
17301
17302
17302
17303
17304
17307
17314
17317
17320
17323
17323
17332
17335
17341
17342
17351
17352
17352
17354
17361
17364
17364
17369
17372
17380
17383
17384
17386
17387
17390
17393
17398
17398
17407
17409
17411
17413
17418
17420
17421
17426
17427
17427
17427
17429
17430
17432
17434
17436
17438
17439
17439
17441
17443
17446
17451
17454
17455
17457
17464
17468
17476
17481
17485
17487
17488
17496
17499
17507
17507
17513
17515
17517
17520
17525
17531
17531
17536
17539
17542
17548
17549
17553
17558
17563
17580
17583
17585
17590
17594
17605
17606
17609
17610
17617
17618
17619
17620
17623
17624
17626
17626
17634
17637
17648
17650
17653
17654
17657
17658
17661
17663
17664
17669
17671
17675
17676
17683
17687
17695
17696
17699
17699
17709
17711
17712
17717
17719
17721
17723
17728
17729
17730
17733
17735
17739
17740
17742
17749
17749
17754
17763
17763
17765
17768
17770
17771
17776
17777
17777
17778
17785
17787
17789
17793
17798
17803
17812
17818
17818
17822
17824
17832
17833
17838
17839
17842
17846
17847
17848
17849
17851
17856
17859
17860
17861
17863
17865
17865
17869
17869
17870
17877
17878
17884
17885
17890
17893
17898
17902
17904
17905
17905
17907
17908
17910
17912
17913
17922
17923
17937
17938
17940
17941
17942
17957
17961
17969
17970
17977
17980
17982
18000
18002
18003
18005
18007
18009
18011
18012
18023
18026
18026
18035
18037
18042
18043
18043
18044
18050
18052
18053
18054
18055
18060
18064
18067
18068
18069
18071
18072
18077
18077
18079
18081
18085
18085
18085
18087
18094
18098
18100
18102
18102
18103
18108
18109
18109
18110
18111
18111
18111
18121
18122
18123
18123
18125
18126
18126
18131
18131
18144
18157
18160
18162
18164
18173
18174
18176
18180
18187
18189
18191
18197
18202
18208
18213
18218
18223
18223
18226
18226
18228
18236
18246
18247
18252
18254
18255
18256
18259
18261
18267
18269
18271
18277
18282
18289
18297
18299
18301
18302
18304
18306
18312
18315
18316
18317
18318
18319
18320
18321
18324
18324
18325
18329
18330
18331
18336
18337
18338
18343
18359
18360
18361
18362
18365
18373
18376
18377
18380
18381
18384
18401
18405
18405
18405
18406
18419
18421
18427
18429
18432
18437
18440
18440
18444
18446
18447
18449
18450
18458
18463
18477
18480
18481
18485
18493
18506
18511
18513
18515
18515
18516
18517
18517
18519
18521
18521
18522
18522
18524
18525
18530
18532
18538
18543
18550
18553
18554
18558
18561
18561
18562
18562
18563
18572
18572
18572
18580
18584
18585
18587
18587
18591
18599
18604
18604
18610
18614
18614
18615
18617
18617
18619
18619
18621
18621
18623
18623
18624
18624
18629
18630
18632
18633
18634
18634
18637
18639
18644
18649
18668
18669
18669
18676
18676
18677
18685
18689
18693
18693
18696
18701
18704
18707
18712
18712
18715
18715
18718
18718
18722
18723
18723
18723
18725
18727
18727
18730
18736
18739
18740
18742
18745
18748
18756
18757
18758
18770
18774
18776
18777
18777
18793
18795
18796
18797
18801
18810
18816
18833
18836
18836
18837
18839
18841
18850
18855
18857
18859
18859
18860
18861
18862
18868
18869
18871
18874
18875
18875
18880
18888
18902
18904
18906
18907
18912
18912
18924
18925
18932
18937
18944
18945
18947
18959
18964
18969
18971
18976
18977
18984
18985
18993
19003
19008
19008
19019
19022
19023
19026
19027
19027
19031
19033
19033
19035
19035
19036
19040
19040
19041
19042
19043
19044
19045
19047
19049
19050
19052
19057
19058
19061
19062
19065
19068
19070
19071
19071
19074
19077
19079
19079
19084
19093
19094
19095
19096
19096
19100
19100
19119
19123
19137
19141
19147
19149
19149
19151
19151
19151
19159
19165
19168
19173
19176
19177
19181
19182
19184
19188
19190
19191
19192
19192
19193
19208
19208
19208
19210
19214
19217
19219
19221
19225
19228
19231
19232
19236
19238
19244
19249
19254
19259
19267
19268
19269
19272
19275
19277
19278
19283
19283
19286
19292
19293
19295
19295
19299
19300
19302
19304
19307
19307
19307
19310
19317
19321
19326
19326
19329
19336
19339
19342
19345
19348
19348
19352
19352
19352
19354
19359
19364
19367
19368
19372
19373
19373
19374
19376
19378
19382
19390
19402
19402
19417
19422
19431
19433
19442
19446
19446
19449
19455
19456
19457
19461
19462
19462
19463
19468
19475
19479
19484
19492
19497
19501
19509
19515
19517
19524
19526
19529
19531
19535
19537
19540
19543
19545
19550
19552
19554
19563
19565
19567
19571
19573
19576
19577
19581
19582
19583
19593
19594
19594
19597
19599
19600
19602
19606
19611
19614
19622
19622
19625
19635
19637
19638
19639
19643
19645
19649
19650
19652
19653
19661
19669
19671
19672
19672
19673
19674
19674
19675
19678
19684
19690
19694
19695
19698
19700
19707
19716
19717
19721
19724
19749
19750
19750
19751
19753
19767
19772
19779
19780
19785
19786
19793
19793
19793
19803
19806
19806
19807
19815
19818
19821
19822
19822
19822
19829
19829
19837
19838
19840
19841
19846
19848
19848
19849
19853
19855
19855
19859
19862
19865
19867
19872
19880
19881
19897
19897
19899
19901
19904
19906
19906
19907
19923
19927
19928
19932
19934
19937
19937
19942
19943
19949
19952
19953
19954
19961
19963
19966
19969
19969
19974
19974
19974
19975
19978
19982
19984
19985
19987
19989
19998
20008
20009
20010
20011
20012
20013
20015
20016
20017
20025
20026
20030
20033
20034
20038
20044
20046
20047
20057
20057
20057
20058
20061
20066
20068
20068
20070
20075
20078
20084
20090
20095
20099
20100
20100
20103
20108
20121
20122
20122
20123
20126
20128
20128
20131
20132
20136
20138
20139
20142
20142
20152
20163
20164
20168
20169
20170
20173
20177
20178
20189
20195
20196
20200
20203
20204
20215
20217
20231
20235
20235
20235
20236
20239
20243
20244
20244
20250
20255
20258
20259
20261
20270
20271
20280
20287
20300
20304
20304
20304
20306
20307
20308
20309
20310
20314
20316
20317
20326
20333
20333
20333
20339
20352
20358
20361
20362
20363
20364
20365
20367
20367
20381
20385
20386
20388
20389
20395
20396
20397
20397
20400
20404
20407
20407
20409
20418
20420
20420
20423
20425
20428
20432
20436
20440
20441
20446
20451
20451
20461
20465
20467
20473
20473
20475
20479
20485
20486
20494
20500
20501
20505
20508
20529
20531
20532
20535
20541
20544
20545
20545
20548
20553
20563
20566
20567
20571
20574
20582
20582
20585
20592
20593
20595
20608
20609
20615
20626
20626
20628
20634
20637
20641
20641
20642
20644
20645
20647
20649
20654
20654
20659
20662
20666
20669
20669
20680
20680
20681
20685
20696
20699
20703
20703
20704
20705
20712
20716
20735
20740
20746
20750
20750
20752
20755
20757
20757
20761
20761
20766
20768
20770
20783
20788
20795
20804
20805
20806
20809
20812
20815
20832
20834
20839
20852
20877
20877
20878
20880
20884
20886
20887
20890
20890
20893
20895
20908
20911
20913
20913
20913
20915
20919
20919
20922
20924
20931
20935
20940
20942
20946
20947
20948
20951
20959
20960
20963
20963
20965
20968
20970
20974
20979
20981
20982
20983
20989
20990
20991
20993
20995
20998
20999
21002
21002
21005
21012
21015
21019
21020
21021
21028
21029
21030
21030
21044
21044
21048
21049
21050
21054
21056
21058
21059
21059
21064
21066
21072
21075
21081
21082
21084
21088
21090
21091
21091
21095
21098
21102
21104
21107
21108
21108
21111
21111
21127
21129
21136
21136
21137
21137
21137
21146
21146
21149
21150
21152
21159
21160
21161
21166
21167
21173
21175
21179
21182
21185
21187
21190
21191
21191
21192
21194
21196
21197
21199
21199
21201
21203
21203
21210
21216
21219
21220
21225
21226
21230
21231
21233
21239
21240
21241
21242
21243
21244
21247
21258
21259
21272
21277
21281
21282
21292
21301
21306
21307
21310
21314
21322
21329
21333
21335
21340
21342
21346
21349
21354
21355
21357
21357
21357
21365
21369
21370
21372
21377
21383
21383
21383
21388
21389
21396
21409
21409
21412
21414
21415
21417
21420
21422
21425
21426
21432
21434
21435
21439
21442
21451
21452
21460
21461
21464
21466
21471
21473
21478
21479
21480
21489
21493
21494
21494
21498
21500
21502
21504
21506
21512
21512
21514
21517
21523
21523
21536
21536
21537
21541
21541
21543
21546
21548
21556
21556
21563
21572
21573
21574
21576
21576
21582
21594
21595
21599
21602
21606
21608
21611
21612
21616
21616
21617
21627
21632
21633
21634
21635
21640
21640
21651
21652
21653
21656
21656
21660
21661
21666
21669
21671
21675
21682
21682
21693
21695
21696
21697
21702
21707
21708
21710
21712
21716
21718
21733
21738
21739
21739
21743
21744
21759
21764
21769
21770
21772
21779
21784
21787
21792
21793
21797
21798
21800
21810
21815
21815
21817
21818
21818
21819
21820
21820
21821
21828
21832
21834
21835
21841
21843
21844
21848
21849
21850
21850
21853
21856
21858
21862
21870
21870
21871
21873
21879
21881
21883
21884
21895
21895
21900
21903
21903
21904
21907
21908
21911
21911
21917
21921
21923
21925
21932
21939
21941
21942
21942
21947
21948
21957
21964
21972
21974
21980
21980
21982
21983
21987
21989
21991
21992
21992
21996
22001
22002
22008
22010
22010
22020
22022
22025
22030
22033
22035
22037
22039
22042
22047
22049
22063
22067
22069
22075
22083
22090
22091
22092
22092
22099
22101
22103
22107
22109
22110
22110
22114
22116
22117
22124
22124
22129
22129
22134
22137
22143
22148
22149
22151
22151
22157
22163
22163
22167
22167
22168
22172
22174
22178
22178
22179
22186
22187
22200
22202
22213
22213
22217
22217
22226
22230
22230
22230
22235
22238
22239
22239
22240
22242
22246
22246
22252
22252
22252
22258
22258
22259
22260
22272
22277
22280
22280
22284
22285
22286
22287
22288
22288
22292
22293
22297
22298
22298
22299
22300
22301
22304
22307
22308
22311
22311
22314
22316
22317
22332
22336
22345
22349
22355
22359
22365
22366
22367
22378
22380
22381
22390
22392
22393
22395
22396
22406
22409
22409
22411
22416
22419
22423
22429
22430
22432
22442
22442
22443
22445
22449
22451
22453
22461
22464
22464
22465
22468
22469
22471
22474
22477
22480
22480
22481
22486
22487
22488
22489
22489
22489
22496
22496
22499
22504
22513
22515
22522
22523
22528
22531
22532
22535
22538
22539
22540
22550
22553
22553
22555
22557
22562
22573
22575
22577
22578
22581
22596
22598
22600
22602
22608
22615
22618
22622
22623
22625
22626
22638
22649
22651
22652
22653
22657
22662
22662
22670
22678
22683
22684
22689
22693
22694
22695
22696
22700
22705
22709
22713
22716
22717
22720
22721
22728
22728
22733
22735
22738
22739
22746
22746
22747
22754
22763
22766
22769
22774
22779
22781
22782
22786
22792
22797
22814
22815
22819
22819
22820
22825
22828
22832
22837
22839
22841
22842
22849
22850
22851
22854
22855
22856
22856
22860
22860
22871
22872
22873
22874
22875
22880
22880
22882
22884
22887
22887
22893
22894
22901
22906
22907
22907
22908
22929
22930
22931
22933
22934
22943
22949
22950
22951
22952
22956
22959
22960
22962
22964
22967
22967
22968
22982
22982
22983
22984
22985
22985
22985
22991
22996
23002
23010
23010
23014
23016
23017
23024
23025
23028
23034
23040
23040
23048
23049
23051
23062
23067
23070
23087
23087
23090
23094
23094
23094
23096
23098
23101
23102
23103
23107
23110
23111
23112
23119
23120
23122
23130
23131
23138
23141
23144
23150
23152
23153
23153
23154
23156
23161
23162
23163
23165
23170
23173
23174
23174
23174
23176
23177
23178
23183
23183
23186
23186
23187
23188
23193
23193
23194
23195
23196
23203
23204
23206
23218
23221
23226
23232
23233
23234
23238
23248
23251
23269
23274
23275
23277
23278
23281
23286
23287
23287
23288
23288
23289
23291
23294
23299
23301
23301
23319
23324
23327
23327
23328
23328
23330
23331
23333
23342
23343
23344
23344
23346
23347
23349
23352
23356
23362
23362
23365
23371
23372
23376
23383
23385
23387
23388
23388
23389
23390
23391
23394
23399
23399
23403
23403
23404
23410
23418
23420
23421
23421
23423
23424
23425
23430
23434
23440
23440
23442
23444
23445
23448
23457
23463
23469
23470
23470
23472
23472
23473
23481
23493
23499
23510
23513
23521
23522
23524
23529
23529
23529
23533
23534
23535
23538
23542
23543
23547
23547
23548
23553
23558
23560
23565
23566
23567
23575
23587
23588
23593
23593
23600
23601
23610
23611
23616
23620
23621
23622
23624
23632
23634
23636
23636
23638
23639
23642
23645
23645
23647
23649
23653
23655
23659
23665
23669
23671
23676
23686
23688
23688
23692
23700
23704
23704
23705
23707
23713
23715
23715
23715
23716
23720
23721
23727
23733
23746
23749
23750
23751
23754
23759
23759
23764
23768
23770
23780
23781
23782
23791
23808
23808
23812
23812
23821
23827
23829
23829
23833
23836
23837
23841
23844
23848
23849
23850
23851
23856
23873
23874
23882
23885
23897
23900
23901
23906
23907
23908
23915
23916
23916
23917
23917
23919
23920
23920
23921
23923
23930
23931
23933
23938
23946
23946
23946
23953
23954
23955
23956
23957
23960
23962
23963
23968
23979
23981
23987
23990
23996
23997
23998
23998
23999
24002
24006
24008
24010
24015
24016
24021
24026
24026
24027
24028
24039
24044
24044
24046
24049
24059
24077
24078
24078
24078
24081
24082
24088
24088
24094
24094
24108
24110
24119
24120
24121
24125
24129
24135
24138
24144
24149
24155
24159
24159
24163
24169
24169
24171
24175
24178
24180
24184
24187
24190
24190
24192
24194
24200
24210
24211
24213
24214
24219
24222
24223
24225
24226
24227
24228
24229
24235
24245
24251
24253
24258
24260
24262
24264
24267
24268
24269
24269
24275
24277
24278
24281
24282
24296
24300
24304
24315
24315
24319
24320
24322
24325
24326
24328
24329
24329
24331
24331
24340
24340
24347
24348
24348
24354
24361
24364
24366
24367
24368
24369
24370
24372
24372
24373
24375
24384
24385
24396
24409
24409
24410
24420
24420
24421
24425
24426
24431
24432
24436
24436
24439
24440
24441
24449
24462
24466
24466
24471
24472
24474
24489
24499
24500
24502
24502
24505
24507
24514
24516
24524
24532
24532
24535
24537
24553
24553
24555
24561
24563
24563
24564
24567
24569
24571
24586
24593
24595
24602
24602
24604
24604
24607
24608
24613
24614
24614
24616
24621
24622
24628
24629
24631
24636
24637
24638
24643
24647
24650
24659
24661
24661
24662
24663
24669
24677
24678
24680
24681
24682
24690
24694
24697
24698
24710
24718
24718
24722
24722
24729
24739
24743
24747
24749
24750
24750
24753
24764
24767
24774
24775
24779
24779
24780
24789
24791
24797
24799
24803
24807
24808
24810
24812
24814
24818
24822
24831
24832
24834
24836
24845
24848
24849
24851
24851
24852
24853
24853
24854
24856
24860
24860
24861
24862
24863
24865
24870
24873
24878
24879
24885
24886
24894
24897
24898
24916
24921
24925
24929
24932
24934
24939
24940
24944
24967
24967
24969
24969
24970
24972
24973
24980
24991
24992
25001
25007
25011
25013
25015
25015
25016
25017
25025
25026
25026
25029
25034
25034
25034
25038
25038
25041
25046
25047
25049
25052
25052
25053
25058
25059
25065
25067
25067
25068
25077
25079
25083
25085
25086
25093
25095
25103
25104
25104
25106
25110
25112
25118
25122
25126
25126
25128
25130
25133
25138
25141
25141
25146
25152
25155
25156
25173
25176
25180
25183
25185
25186
25187
25188
25196
25199
25203
25212
25215
25217
25224
25228
25230
25232
25237
25241
25245
25247
25248
25251
25257
25259
25261
25263
25272
25280
25282
25284
25290
25290
25291
25292
25293
25293
25298
25298
25299
25309
25315
25316
25318
25320
25328
25328
25328
25330
25332
25334
25336
25339
25346
25347
25350
25358
25367
25371
25371
25372
25374
25376
25377
25379
25380
25381
25386
25387
25389
25390
25399
25400
25402
25403
25405
25406
25407
25410
25412
25412
25416
25417
25419
25419
25420
25421
25424
25426
25435
25435
25437
25438
25440
25443
25445
25448
25451
25458
25460
25465
25467
25471
25473
25474
25476
25477
25480
25481
25481
25485
25485
25487
25496
25496
25497
25501
25507
25508
25511
25512
25515
25521
25522
25526
25528
25533
25534
25537
25538
25540
25543
25547
25547
25548
25554
25554
25556
25556
25557
25563
25569
25569
25576
25580
25581
25582
25586
25588
25590
25592
25601
25606
25608
25613
25614
25616
25623
25628
25632
25633
25636
25637
25639
25640
25640
25642
25648
25655
25656
25657
25658
25659
25660
25663
25671
25674
25675
25676
25676
25679
25680
25680
25697
25697
25698
25701
25703
25704
25708
25716
25716
25719
25721
25727
25731
25732
25733
25737
25738
25747
25753
25759
25761
25763
25763
25768
25771
25775
25778
25796
25797
25797
25798
25798
25814
25825
25830
25831
25834
25834
25836
25838
25842
25846
25846
25847
25847
25850
25853
25857
25857
25860
25871
25872
25879
25883
25895
25895
25899
25905
25910
25915
25917
25921
25923
25935
25944
25954
25957
25960
25965
25971
25977
25978
25981
25984
25985
25985
25990
25991
25998
25999
26003
26003
26008
26021
26023
26027
26034
26038
26039
26039
26045
26052
26055
26056
26058
26059
26069
26070
26073
26078
26082
26084
26100
26101
26107
26107
26108
26115
26116
26121
26133
26135
26136
26141
26147
26154
26157
26157
26159
26164
26166
26166
26173
26176
26180
26182
26185
26185
26185
26190
26205
26210
26210
26212
26213
26214
26217
26217
26219
26221
26223
26226
26227
26228
26231
26232
26246
26248
26258
26264
26271
26271
26271
26271
26273
26275
26276
26282
26283
26284
26285
26289
26290
26292
26294
26294
26294
26296
26299
26300
26300
26301
26301
26302
26302
26306
26309
26310
26324
26324
26325
26326
26336
26341
26342
26344
26347
26349
26364
26365
26367
26372
26374
26390
26394
26395
26396
26397
26397
26405
26408
26410
26413
26415
26416
26417
26422
26423
26423
26423
26428
26431
26433
26439
26447
26450
26452
26453
26453
26456
26459
26462
26463
26467
26468
26470
26486
26489
26490
26490
26491
26494
26498
26499
26503
26504
26506
26509
26509
26511
26511
26517
26517
26523
26528
26536
26540
26541
26545
26551
26555
26556
26565
26571
26575
26577
26586
26592
26596
26601
26607
26608
26612
26612
26613
26615
26622
26627
26629
26629
26630
26632
26634
26639
26641
26641
26641
26641
26641
26644
26648
26654
26654
26656
26656
26659
26668
26672
26676
26682
26683
26696
26696
26698
26704
26708
26708
26709
26709
26712
26718
26719
26747
26750
26752
26753
26757
26760
26761
26774
26776
26779
26780
26784
26785
26789
26792
26793
26795
26800
26806
26808
26808
26809
26809
26812
26814
26823
26828
26833
26842
26844
26844
26844
26846
26848
26854
26855
26855
26861
26862
26863
26864
26869
26870
26870
26879
26896
26898
26902
26908
26917
26925
26931
26933
26933
26935
26937
26942
26945
26956
26957
26957
26963
26966
26968
26971
26972
26977
26980
26988
26990
26993
27001
27003
27006
27007
27008
27013
27019
27020
27027
27041
27042
27048
27059
27062
27064
27065
27066
27068
27072
27078
27081
27082
27087
27088
27091
27092
27098
27099
27103
27107
27109
27109
27118
27127
27127
27129
27131
27145
27146
27146
27146
27147
27149
27150
27151
27152
27153
27162
27164
27165
27168
27173
27174
27174
27179
27185
27187
27188
27209
27211
27215
27217
27220
27227
27235
27235
27238
27239
27240
27251
27254
27259
27263
27263
27267
27269
27269
27271
27272
27274
27277
27277
27278
27278
27282
27282
27286
27290
27292
27297
27301
27303
27307
27311
27316
27324
27324
27325
27333
27333
27336
27342
27346
27351
27355
27358
27359
27365
27381
27383
27383
27387
27387
27389
27391
27398
27400
27401
27403
27404
27405
27405
27406
27414
27419
27419
27420
27420
27425
27427
27428
27432
27432
27437
27439
27440
27444
27448
27451
27456
27457
27459
27459
27460
27468
27470
27476
27485
27485
27486
27491
27492
27494
27495
27496
27498
27498
27501
27503
27507
27508
27508
27510
27510
27511
27513
27515
27525
27525
27531
27541
27554
27558
27567
27573
27574
27574
27578
27579
27583
27584
27594
27599
27604
27604
27606
27607
27617
27618
27619
27633
27635
27638
27643
27648
27652
27657
27661
27663
27665
27674
27686
27688
27690
27691
27692
27695
27698
27699
27701
27707
27711
27713
27714
27715
27717
27731
27737
27738
27738
27749
27751
27752
27753
27755
27756
27756
27761
27766
27776
27778
27788
27791
27793
27795
27796
27797
27797
27800
27800
27802
27802
27802
27803
27806
27810
27813
27814
27817
27832
27835
27844
27845
27846
27846
27847
27847
27855
27860
27861
27862
27864
27865
27868
27872
27872
27873
27881
27883
27885
27886
27898
27898
27898
27902
27906
27911
27920
27922
27927
27936
27938
27938
27941
27942
27948
27951
27954
27954
27958
27965
27966
27969
27972
27974
27982
27994
28006
28024
28024
28028
28028
28029
28032
28035
28035
28037
28042
28043
28047
28054
28055
28055
28056
28057
28058
28058
28062
28063
28076
28076
28083
28084
28097
28098
28100
28107
28116
28119
28121
28126
28128
28129
28131
28139
28143
28143
28145
28147
28149
28154
28157
28158
28160
28161
28165
28165
28169
28171
28173
28179
28183
28189
28190
28197
28200
28200
28205
28212
28213
28214
28221
28231
28232
28232
28235
28236
28245
28246
28247
28255
28258
28261
28264
28270
28272
28272
28277
28278
28286
28293
28294
28300
28303
28305
28312
28317
28319
28320
28323
28325
28330
28331
28342
28344
28351
28369
28369
28375
28375
28383
28386
28387
28393
28395
28397
28397
28418
28422
28423
28426
28430
28435
28449
28450
28458
28460
28464
28464
28464
28466
28470
28477
28491
28492
28494
28501
28502
28505
28510
28522
28523
28525
28536
28540
28542
28543
28545
28545
28548
28555
28556
28560
28562
28564
28564
28582
28582
28584
28584
28585
28589
28592
28593
28597
28599
28602
28604
28606
28607
28607
28611
28612
28613
28616
28619
28620
28620
28625
28627
28629
28635
28636
28636
28638
28655
28659
28664
28664
28665
28666
28666
28670
28674
28686
28688
28691
28697
28708
28711
28714
28729
28740
28741
28741
28742
28743
28755
28759
28762
28764
28766
28773
28776
28779
28783
28784
28789
28790
28791
28791
28794
28794
28798
28807
28823
28831
28831
28839
28840
28840
28842
28844
28844
28846
28855
28857
28861
28863
28869
28870
28871
28872
28874
28875
28881
28884
28891
28891
28896
28901
28907
28907
28909
28916
28923
28932
28933
28935
28939
28947
28948
28949
28953
28956
28961
28964
28967
28970
28972
28972
28973
28974
28974
28977
28981
28985
28988
28988
28990
28996
29000
29005
29009
29019
29020
29029
29031
29033
29042
29045
29053
29054
29056
29057
29059
29061
29063
29067
29071
29075
29082
29086
29088
29091
29096
29097
29103
29104
29111
29112
29113
29114
29114
29115
29120
29120
29130
29132
29133
29135
29135
29137
29140
29141
29142
29144
29152
29155
29161
29164
29170
29170
29174
29175
29177
29179
29180
29182
29183
29186
29186
29187
29188
29190
29199
29203
29210
29211
29213
29215
29220
29220
29225
29226
29227
29231
29234
29234
29234
29237
29239
29248
29252
29253
29255
29258
29259
29259
29262
29262
29265
29274
29275
29282
29284
29285
29286
29287
29302
29304
29304
29305
29306
29310
29313
29323
29324
29324
29327
29329
29329
29331
29335
29345
29346
29349
29351
29355
29356
29356
29360
29364
29367
29374
29376
29382
29389
29392
29393
29396
29396
29398
29399
29409
29418
29423
29426
29434
29438
29448
29449
29455
29455
29459
29462
29463
29469
29477
29480
29485
29494
29501
29502
29517
29518
29518
29522
29524
29525
29530
29532
29532
29539
29539
29540
29541
29542
29550
29555
29566
29566
29567
29573
29580
29583
29587
29592
29593
29595
29596
29605
29607
29610
29611
29612
29617
29618
29640
29643
29648
29648
29648
29653
29653
29666
29668
29668
29672
29675
29676
29679
29681
29689
29692
29692
29695
29697
29701
29727
29729
29732
29734
29738
29739
29740
29741
29741
29745
29749
29750
29760
29763
29763
29767
29773
29773
29776
29781
29785
29786
29787
29798
29798
29801
29803
29804
29805
29807
29809
29810
29820
29823
29829
29833
29836
29848
29849
29853
29859
29861
29866
29868
29869
29870
29871
29872
29876
29879
29880
29881
29881
29882
29884
29888
29890
29891
29894
29902
29906
29917
29922
29926
29936
29938
29941
29942
29943
29944
29961
29963
29967
29972
29973
29974
29975
29976
29976
29978
29979
29981
29982
29983
29984
29988
29994
30002
30005
30016
30016
30017
30021
30026
30031
30033
30036
30038
30046
30056
30058
30060
30066
30067
30069
30072
30073
30089
30103
30106
30111
30113
30113
30116
30129
30132
30134
30137
30149
30149
30151
30154
30175
30180
30181
30183
30185
30189
30191
30202
30208
30209
30211
30228
30234
30240
30240
30240
30241
30245
30245
30246
30250
30250
30253
30254
30256
30257
30266
30267
30269
30274
30281
30285
30287
30294
30295
30295
30297
30299
30313
30318
30319
30319
30322
30332
30338
30339
30341
30342
30349
30351
30352
30353
30355
30355
30356
30359
30364
30366
30371
30373
30381
30385
30387
30389
30392
30393
30394
30394
30401
30407
30408
30409
30410
30414
30415
30415
30418
30418
30426
30434
30435
30441
30446
30450
30451
30455
30458
30458
30459
30464
30467
30467
30471
30475
30475
30479
30480
30480
30481
30486
30490
30498
30500
30505
30515
30517
30521
30528
30543
30553
30555
30565
30566
30569
30571
30577
30580
30583
30598
30603
30604
30607
30613
30617
30619
30619
30621
30625
30631
30631
30635
30635
30637
30641
30646
30647
30649
30650
30651
30652
30655
30656
30656
30664
30669
30669
30671
30674
30677
30678
30680
30681
30683
30693
30694
30695
30697
30699
30702
30707
30714
30717
30718
30718
30721
30723
30728
30733
30733
30742
30747
30750
30756
30761
30761
30763
30771
30772
30773
30781
30784
30792
30796
30797
30806
30813
30819
30820
30820
30821
30821
30828
30829
30829
30829
30831
30831
30831
30831
30835
30838
30839
30844
30848
30851
30863
30866
30872
30879
30881
30883
30884
30885
30885
30886
30892
30893
30895
30899
30902
30905
30918
30927
30929
30930
30931
30936
30938
30940
30942
30946
30949
30951
30953
30963
30965
30972
30974
30976
30976
30976
30978
30982
30985
30989
30991
30996
30998
30998
30998
31000
31003
31006
31010
31012
31014
31014
31020
31023
31027
31028
31032
31036
31039
31043
31053
31053
31063
31069
31070
31082
31085
31092
31094
31097
31101
31103
31105
31105
31109
31109
31110
31115
31118
31118
31120
31123
31123
31129
31133
31136
31139
31143
31144
31145
31145
31147
31152
31152
31154
31157
31162
31170
31174
31180
31186
31189
31191
31191
31204
31210
31210
31210
31211
31212
31218
31220
31224
31226
31226
31240
31245
31246
31252
31252
31259
31260
31261
31268
31270
31270
31271
31273
31273
31282
31287
31287
31291
31293
31296
31299
31302
31305
31306
31312
31312
31315
31316
31316
31318
31321
31322
31325
31325
31328
31331
31333
31339
31340
31340
31346
31349
31357
31360
31362
31362
31364
31365
31367
31371
31372
31374
31381
31383
31388
31390
31400
31405
31406
31408
31410
31413
31414
31415
31419
31427
31435
31437
31440
31442
31448
31457
31458
31463
31463
31465
31466
31470
31472
31476
31479
31483
31483
31484
31490
31490
31490
31492
31498
31503
31504
31517
31519
31528
31531
31533
31534
31535
31537
31543
31544
31552
31563
31565
31569
31569
31572
31582
31583
31586
31586
31588
31591
31599
31600
31601
31602
31603
31612
31617
31619
31626
31632
31633
31633
31634
31639
31641
31643
31644
31646
31650
31654
31656
31658
31659
31659
31661
31663
31664
31664
31665
31667
31670
31671
31674
31682
31683
31688
31689
31689
31691
31696
31703
31704
31707
31713
31722
31726
31729
31730
31732
31741
31746
31748
31749
31753
31753
31754
31756
31760
31764
31778
31778
31784
31785
31787
31789
31792
31795
31795
31797
31798
31807
31809
31812
31818
31825
31825
31830
31832
31833
31836
31838
31842
31854
31855
31860
31860
31861
31863
31864
31866
31870
31870
31873
31875
31878
31883
31887
31890
31895
31896
31899
31906
31906
31907
31907
31910
31911
31915
31918
31918
31921
31921
31924
31925
31928
31928
31937
31937
31938
31941
31952
31952
31953
31955
31960
31961
31969
31973
31978
31988
31990
31995
31999
32003
32009
32013
32016
32017
32020
32027
32029
32038
32039
32046
32049
32056
32074
32082
32083
32094
32101
32102
32111
32116
32124
32126
32126
32126
32127
32129
32129
32137
32139
32144
32148
32149
32152
32155
32156
32158
32159
32163
32166
32166
32174
32175
32176
32181
32183
32186
32187
32194
32196
32204
32209
32210
32211
32218
32224
32229
32237
32244
32255
32255
32258
32261
32261
32263
32264
32264
32267
32269
32270
32272
32274
32275
32276
32279
32279
32291
32315
32318
32320
32325
32325
32329
32335
32337
32343
32343
32344
32350
32353
32355
32358
32359
32360
32362
32364
32369
32371
32371
32372
32374
32376
32376
32378
32386
32395
32400
32403
32409
32409
32415
32420
32428
32432
32438
32441
32442
32443
32446
32460
32466
32472
32475
32478
32488
32492
32493
32493
32499
32505
32508
32511
32516
32518
32520
32521
32526
32530
32532
32535
32536
32536
32537
32537
32538
32540
32540
32540
32543
32545
32546
32547
32549
32553
32558
32567
32568
32568
32569
32575
32576
32578
32581
32583
32585
32596
32600
32601
32606
32608
32609
32613
32617
32620
32622
32623
32627
32629
32638
32639
32642
32644
32645
32647
32650
32651
32652
32654
32659
32666
32667
32684
32684
32685
32685
32693
32695
32696
32701
32701
32704
32708
32709
32710
32714
32716
32719
32722
32724
32725
32726
32730
32730
32732
32732
32737
32740
32744
32749
32753
32755
