100
227
988
594
817
528
982
684
298
787
405
668
18
85
328
639
793
926
929
290
680
494
286
200
457
692
121
594
190
314
156
374
253
384
185
332
635
648
785
4
358
234
19
980
631
481
927
689
920
486
188
795
106
124
623
727
315
499
469
487
941
889
442
620
562
485
875
391
319
350
593
284
847
644
695
800
722
445
662
276
821
483
711
170
700
228
537
56
85
914
195
804
902
931
644
318
610
68
553
548
664
