10000
3
6
8
8
10
13
15
24
30
30
35
37
46
47
55
56
59
59
60
68
69
72
75
78
88
95
96
99
110
114
138
140
144
145
147
149
154
157
158
160
163
163
166
167
171
174
182
185
188
189
202
203
205
205
205
221
222
230
240
243
245
245
245
247
253
263
263
264
266
267
269
269
271
272
274
274
277
277
278
279
293
298
304
311
312
314
314
314
314
315
320
320
331
333
337
350
351
356
362
367
367
369
369
374
376
379
382
385
397
399
401
410
414
420
427
430
430
433
437
437
438
450
451
455
459
463
466
468
472
473
476
477
478
478
484
488
490
497
500
511
519
522
526
526
537
548
553
559
561
561
562
568
574
578
582
583
589
591
592
595
602
607
618
621
623
627
631
633
636
638
640
641
645
655
655
656
657
660
663
667
667
672
673
678
678
680
680
686
689
690
693
698
704
705
705
708
709
709
712
713
729
730
733
733
735
736
737
738
739
739
742
748
756
757
758
761
763
763
772
779
780
785
792
798
798
802
803
808
813
825
827
827
829
830
832
836
837
848
849
851
854
855
861
866
867
869
873
874
874
876
880
885
892
893
895
908
912
913
914
918
920
921
925
928
930
935
935
935
936
938
938
938
953
954
955
958
961
964
967
970
976
989
991
993
995
996
999
1005
1011
1021
1025
1028
1029
1029
1034
1035
1045
1052
1055
1058
1066
1067
1068
1075
1087
1094
1102
1104
1108
1110
1113
1119
1121
1135
1140
1151
1156
1158
1160
1163
1163
1164
1166
1170
1173
1178
1180
1181
1182
1183
1184
1187
1191
1195
1196
1200
1201
1204
1206
1207
1208
1210
1215
1216
1219
1220
1221
1232
1237
1237
1239
1242
1246
1247
1250
1254
1256
1258
1261
1262
1274
1276
1293
1303
1304
1305
1305
1306
1307
1309
1309
1321
1328
1335
1336
1336
1337
1349
1351
1356
1356
1369
1371
1374
1376
1377
1384
1385
1387
1387
1388
1389
1390
1390
1391
1401
1404
1413
1413
1414
1419
1421
1436
1437
1439
1443
1444
1450
1450
1453
1455
1456
1460
1461
1464
1464
1474
1476
1480
1480
1487
1488
1488
1492
1497
1498
1505
1508
1512
1513
1516
1517
1518
1522
1525
1525
1529
1532
1533
1534
1535
1538
1540
1540
1542
1545
1550
1551
1551
1556
1557
1564
1573
1584
1603
1609
1612
1616
1617
1617
1620
1620
1623
1624
1626
1629
1631
1636
1639
1640
1641
1642
1644
1644
1650
1658
1660
1665
1667
1675
1675
1680
1681
1683
1685
1685
1692
1694
1697
1698
1703
1704
1706
1711
1712
1714
1716
1717
1720
1724
1724
1724
1726
1728
1729
1732
1743
1746
1749
1749
1753
1760
1761
1762
1762
1774
1776
1776
1781
1783
1783
1793
1793
1797
1797
1801
1801
1801
1803
1809
1818
1818
1822
1823
1824
1825
1832
1838
1840
1844
1847
1849
1851
1854
1855
1855
1857
1857
1857
1859
1859
1860
1861
1862
1862
1865
1868
1870
1876
1877
1877
1883
1887
1887
1887
1890
1895
1901
1901
1902
1907
1907
1910
1911
1914
1918
1925
1927
1933
1936
1936
1942
1948
1949
1949
1953
1955
1956
1964
1970
1980
1980
1980
1982
1984
1984
1986
1986
1988
1990
1990
1991
1991
1992
1999
1999
2000
2011
2011
2015
2020
2021
2023
2027
2035
2036
2044
2046
2046
2047
2051
2053
2068
2070
2080
2081
2083
2084
2085
2085
2086
2088
2090
2090
2092
2095
2095
2099
2099
2099
2100
2102
2103
2104
2106
2106
2110
2110
2121
2123
2124
2124
2128
2129
2130
2132
2135
2135
2139
2141
2141
2141
2148
2152
2152
2153
2158
2159
2167
2173
2181
2185
2186
2187
2189
2192
2193
2200
2201
2201
2203
2205
2207
2207
2214
2218
2223
2229
2232
2232
2234
2241
2245
2247
2247
2255
2260
2262
2266
2271
2273
2274
2275
2278
2279
2280
2284
2287
2293
2296
2300
2302
2307
2313
2318
2320
2333
2338
2340
2343
2347
2350
2350
2352
2353
2356
2357
2358
2361
2364
2366
2367
2371
2375
2378
2379
2381
2387
2390
2390
2399
2401
2401
2407
2410
2411
2413
2415
2418
2419
2420
2426
2430
2430
2432
2438
2439
2444
2447
2451
2458
2458
2460
2461
2462
2466
2468
2472
2472
2477
2481
2485
2491
2492
2492
2493
2494
2498
2499
2500
2501
2517
2520
2525
2528
2532
2538
2544
2547
2549
2549
2551
2557
2560
2571
2574
2578
2579
2581
2592
2592
2593
2597
2603
2608
2610
2614
2614
2616
2623
2623
2626
2626
2627
2627
2628
2630
2637
2641
2642
2643
2645
2646
2652
2654
2657
2662
2665
2666
2672
2688
2691
2700
2707
2708
2718
2720
2722
2731
2733
2737
2751
2754
2756
2763
2765
2766
2770
2776
2783
2788
2790
2791
2792
2796
2798
2803
2804
2807
2811
2816
2817
2818
2819
2822
2824
2834
2835
2835
2835
2836
2844
2845
2848
2848
2849
2857
2859
2861
2863
2864
2865
2868
2869
2873
2874
2883
2887
2887
2890
2899
2902
2906
2912
2919
2920
2921
2926
2929
2930
2934
2938
2944
2946
2947
2951
2952
2954
2955
2958
2960
2963
2968
2971
2976
2981
2982
2987
2989
2990
2994
2995
2996
2998
2998
2999
2999
3001
3002
3014
3021
3027
3027
3029
3031
3043
3044
3045
3049
3049
3052
3055
3057
3057
3058
3064
3065
3067
3069
3071
3074
3075
3075
3080
3086
3088
3090
3096
3104
3107
3107
3109
3110
3118
3118
3120
3121
3121
3126
3128
3143
3157
3159
3161
3165
3165
3167
3172
3180
3190
3190
3212
3215
3220
3225
3230
3231
3237
3237
3239
3252
3254
3263
3267
3269
3269
3271
3273
3287
3289
3295
3296
3298
3298
3300
3307
3309
3311
3314
3319
3321
3323
3323
3324
3325
3332
3336
3340
3341
3344
3345
3345
3350
3351
3354
3354
3358
3359
3360
3362
3362
3368
3373
3377
3397
3400
3403
3409
3409
3418
3421
3423
3426
3438
3441
3441
3450
3452
3453
3455
3456
3457
3464
3464
3467
3471
3472
3475
3477
3477
3483
3484
3485
3487
3492
3500
3501
3504
3507
3511
3512
3517
3524
3527
3539
3543
3546
3548
3552
3555
3558
3559
3564
3564
3565
3566
3567
3568
3572
3574
3574
3583
3583
3586
3589
3592
3598
3599
3599
3607
3608
3608
3612
3613
3624
3627
3630
3634
3641
3642
3643
3646
3649
3651
3656
3658
3664
3665
3667
3670
3670
3674
3680
3680
3680
3685
3694
3696
3699
3701
3707
3714
3717
3720
3726
3731
3731
3733
3743
3751
3754
3755
3764
3767
3767
3768
3780
3784
3788
3789
3792
3792
3793
3794
3797
3799
3802
3804
3806
3806
3809
3811
3816
3818
3820
3821
3823
3828
3841
3842
3844
3844
3852
3855
3855
3863
3869
3870
3870
3870
3871
3874
3875
3891
3897
3904
3906
3907
3916
3920
3923
3926
3930
3936
3944
3947
3951
3953
3958
3958
3964
3971
3976
3977
3978
3987
3992
3996
3999
4007
4008
4008
4009
4015
4022
4025
4025
4033
4035
4037
4041
4043
4057
4062
4064
4070
4070
4087
4087
4096
4102
4104
4109
4112
4116
4118
4120
4124
4125
4140
4142
4143
4150
4152
4155
4155
4156
4159
4160
4164
4175
4175
4181
4181
4182
4184
4187
4189
4191
4191
4196
4199
4199
4212
4212
4215
4216
4220
4225
4228
4229
4230
4231
4233
4237
4239
4241
4241
4244
4244
4247
4251
4254
4255
4257
4259
4261
4265
4266
4266
4267
4268
4268
4280
4281
4284
4292
4297
4299
4307
4307
4309
4310
4313
4320
4322
4327
4327
4331
4335
4341
4342
4344
4346
4351
4351
4354
4359
4360
4360
4362
4367
4369
4369
4370
4372
4381
4383
4387
4388
4397
4402
4406
4409
4414
4418
4419
4420
4430
4438
4442
4452
4452
4453
4453
4457
4458
4463
4464
4473
4477
4481
4485
4485
4492
4493
4499
4500
4503
4503
4504
4506
4506
4507
4517
4518
4520
4521
4523
4524
4526
4527
4530
4532
4537
4537
4538
4539
4542
4544
4551
4552
4556
4559
4559
4563
4564
4565
4565
4569
4571
4575
4576
4578
4579
4579
4587
4593
4596
4599
4599
4599
4605
4612
4613
4614
4615
4625
4634
4641
4647
4653
4660
4667
4673
4677
4680
4685
4694
4695
4695
4696
4700
4716
4719
4719
4723
4723
4726
4731
4732
4736
4740
4749
4756
4759
4761
4761
4764
4766
4768
4775
4777
4781
4782
4784
4792
4793
4796
4796
4797
4799
4803
4803
4807
4807
4813
4814
4820
4820
4822
4825
4828
4828
4839
4843
4850
4852
4856
4857
4860
4866
4866
4878
4882
4883
4888
4900
4908
4913
4914
4914
4919
4919
4922
4924
4924
4925
4929
4932
4938
4942
4944
4945
4946
4948
4949
4949
4953
4954
4958
4959
4960
4962
4962
4970
4978
4979
4981
4985
4989
4990
4992
4993
4993
5003
5008
5009
5011
5012
5013
5016
5016
5016
5019
5020
5021
5021
5031
5035
5040
5042
5042
5043
5043
5043
5044
5048
5049
5052
5052
5053
5053
5054
5055
5061
5063
5064
5064
5065
5066
5067
5088
5088
5088
5092
5094
5096
5100
5104
5107
5111
5112
5113
5115
5119
5123
5130
5130
5132
5132
5133
5133
5134
5137
5139
5142
5144
5147
5150
5152
5156
5161
5162
5171
5174
5176
5179
5180
5181
5182
5183
5185
5193
5194
5199
5204
5206
5206
5206
5207
5216
5217
5221
5229
5233
5234
5237
5246
5247
5250
5251
5255
5261
5262
5262
5262
5267
5268
5268
5272
5275
5276
5280
5284
5287
5289
5292
5294
5295
5302
5303
5304
5311
5319
5323
5327
5335
5345
5349
5362
5366
5366
5369
5370
5372
5380
5380
5384
5386
5394
5395
5397
5403
5406
5407
5411
5413
5414
5415
5417
5432
5433
5439
5441
5447
5447
5449
5454
5455
5461
5477
5478
5480
5480
5482
5483
5484
5484
5485
5487
5487
5491
5494
5498
5500
5504
5509
5512
5515
5519
5523
5526
5527
5533
5539
5552
5557
5568
5573
5574
5577
5577
5580
5585
5585
5587
5588
5590
5597
5600
5600
5602
5604
5607
5611
5613
5614
5620
5622
5622
5625
5628
5630
5633
5645
5645
5645
5645
5649
5651
5655
5659
5662
5666
5668
5669
5670
5671
5682
5684
5694
5694
5695
5701
5704
5705
5705
5710
5713
5716
5718
5718
5719
5720
5722
5728
5728
5741
5747
5748
5750
5751
5758
5759
5764
5765
5767
5767
5776
5777
5781
5783
5785
5789
5790
5790
5794
5799
5800
5805
5805
5807
5808
5809
5809
5809
5812
5814
5816
5819
5819
5820
5821
5823
5831
5832
5835
5841
5845
5847
5849
5850
5856
5857
5858
5859
5859
5860
5861
5863
5865
5866
5871
5874
5880
5884
5891
5897
5904
5906
5914
5914
5916
5928
5930
5943
5945
5946
5946
5947
5947
5950
5955
5958
5960
5962
5965
5969
5970
5971
5973
5978
5978
5982
5987
5992
6003
6005
6010
6012
6012
6021
6021
6025
6029
6029
6032
6034
6037
6037
6039
6047
6052
6055
6057
6059
6062
6064
6067
6072
6072
6078
6079
6080
6082
6084
6084
6086
6087
6087
6088
6088
6089
6090
6093
6096
6102
6105
6110
6112
6113
6113
6122
6127
6134
6137
6137
6140
6142
6145
6151
6154
6156
6158
6159
6172
6177
6178
6183
6187
6193
6193
6195
6198
6200
6203
6208
6210
6212
6212
6224
6225
6228
6228
6230
6241
6242
6243
6246
6248
6250
6251
6251
6252
6256
6256
6256
6265
6265
6270
6270
6272
6277
6278
6281
6287
6287
6287
6288
6290
6290
6302
6316
6320
6324
6325
6330
6331
6335
6340
6342
6344
6346
6355
6356
6356
6358
6361
6364
6370
6378
6383
6386
6390
6392
6394
6399
6401
6406
6414
6421
6424
6427
6429
6430
6432
6438
6440
6441
6446
6448
6455
6456
6457
6463
6465
6470
6472
6473
6482
6487
6489
6491
6496
6498
6501
6502
6503
6513
6523
6523
6533
6535
6539
6541
6542
6546
6546
6547
6548
6550
6557
6560
6561
6561
6565
6568
6568
6575
6575
6576
6580
6582
6585
6590
6592
6596
6599
6600
6602
6605
6606
6606
6606
6607
6611
6616
6619
6624
6626
6631
6631
6645
6647
6648
6649
6651
6653
6654
6657
6659
6673
6677
6677
6677
6687
6687
6694
6698
6703
6703
6709
6721
6722
6724
6726
6726
6726
6727
6727
6729
6735
6737
6738
6742
6744
6748
6755
6758
6760
6765
6769
6769
6770
6770
6771
6772
6774
6777
6781
6788
6791
6796
6799
6804
6806
6822
6827
6836
6837
6843
6845
6852
6853
6857
6860
6864
6866
6869
6869
6879
6880
6888
6899
6902
6903
6933
6937
6938
6938
6938
6945
6951
6971
6972
6973
6976
6977
6986
6991
6993
6996
6998
6999
6999
7001
7002
7002
7004
7008
7009
7009
7012
7014
7016
7018
7027
7036
7040
7043
7043
7047
7048
7055
7055
7060
7061
7062
7063
7065
7067
7077
7078
7079
7082
7082
7083
7084
7088
7089
7089
7100
7101
7111
7112
7115
7115
7120
7121
7123
7125
7125
7126
7130
7147
7152
7154
7155
7157
7165
7166
7170
7171
7184
7188
7191
7200
7204
7209
7213
7217
7221
7223
7224
7225
7228
7228
7232
7233
7240
7245
7254
7255
7256
7258
7261
7261
7263
7266
7266
7273
7278
7279
7289
7293
7297
7297
7300
7306
7318
7328
7328
7348
7349
7350
7350
7352
7356
7357
7358
7361
7363
7371
7372
7376
7378
7380
7382
7390
7392
7394
7395
7403
7403
7407
7414
7414
7417
7420
7421
7424
7429
7432
7433
7433
7434
7434
7436
7438
7441
7444
7451
7452
7452
7455
7456
7457
7457
7459
7462
7464
7465
7468
7478
7487
7488
7489
7500
7501
7502
7511
7515
7516
7517
7517
7519
7520
7521
7522
7524
7526
7539
7540
7542
7546
7550
7560
7560
7565
7570
7572
7574
7579
7580
7582
7598
7599
7600
7606
7608
7610
7611
7614
7615
7615
7620
7627
7632
7632
7632
7632
7637
7637
7638
7646
7647
7652
7658
7662
7662
7662
7673
7674
7680
7683
7683
7685
7687
7691
7699
7701
7707
7719
7723
7725
7730
7739
7745
7752
7755
7760
7762
7766
7768
7772
7773
7778
7780
7784
7790
7792
7794
7801
7801
7802
7807
7810
7814
7814
7818
7818
7822
7825
7825
7825
7828
7830
7836
7836
7838
7842
7845
7849
7853
7857
7861
7862
7862
7869
7869
7871
7875
7877
7881
7882
7886
7889
7902
7918
7920
7922
7928
7934
7934
7950
7957
7958
7959
7963
7969
7970
7971
7977
7977
7979
7980
7984
7986
7991
7992
7993
7996
8004
8012
8020
8028
8031
8031
8033
8039
8043
8053
8055
8058
8059
8063
8064
8067
8069
8085
8089
8101
8107
8108
8108
8108
8108
8110
8119
8120
8122
8130
8134
8134
8134
8137
8140
8145
8150
8162
8164
8174
8177
8184
8185
8186
8195
8195
8199
8199
8204
8210
8210
8213
8215
8222
8226
8228
8230
8233
8238
8239
8241
8242
8242
8242
8242
8243
8245
8248
8255
8255
8260
8266
8268
8269
8270
8272
8273
8274
8277
8279
8285
8287
8289
8300
8303
8304
8310
8313
8318
8318
8318
8319
8320
8323
8326
8329
8329
8333
8339
8344
8345
8351
8352
8359
8360
8385
8385
8385
8387
8389
8390
8393
8394
8396
8404
8404
8407
8418
8418
8419
8420
8420
8427
8427
8429
8432
8436
8437
8438
8444
8445
8449
8454
8457
8470
8480
8481
8481
8482
8482
8482
8483
8488
8490
8492
8492
8503
8508
8509
8515
8515
8522
8526
8527
8532
8532
8535
8536
8536
8539
8547
8551
8567
8568
8568
8572
8573
8577
8580
8583
8584
8584
8598
8600
8600
8606
8613
8614
8617
8621
8623
8625
8640
8642
8647
8658
8660
8661
8662
8662
8665
8666
8669
8672
8673
8673
8674
8674
8674
8675
8676
8677
8677
8682
8682
8689
8693
8696
8697
8698
8702
8706
8707
8717
8720
8731
8737
8741
8742
8745
8751
8753
8758
8760
8760
8769
8771
8777
8777
8778
8790
8794
8797
8809
8817
8821
8821
8823
8824
8825
8827
8831
8831
8838
8842
8843
8847
8847
8851
8852
8863
8863
8863
8865
8866
8869
8871
8872
8882
8883
8884
8888
8895
8898
8899
8900
8903
8904
8913
8916
8920
8928
8928
8931
8933
8933
8936
8938
8944
8944
8946
8946
8947
8950
8952
8958
8961
8963
8965
8968
8970
8971
8976
8976
8977
8982
8992
8994
8994
8996
9000
9006
9007
9012
9014
9015
9020
9023
9034
9036
9047
9047
9048
9051
9055
9056
9060
9062
9066
9067
9075
9078
9083
9090
9090
9092
9096
9100
9101
9106
9114
9116
9118
9118
9118
9121
9124
9125
9125
9126
9133
9133
9135
9147
9151
9152
9153
9157
9178
9181
9182
9186
9188
9188
9190
9193
9205
9214
9214
9217
9220
9224
9226
9235
9236
9238
9245
9262
9264
9269
9275
9277
9279
9280
9283
9289
9292
9293
9294
9295
9298
9299
9300
9300
9301
9302
9305
9307
9314
9315
9317
9317
9333
9337
9337
9344
9349
9353
9355
9355
9357
9359
9363
9363
9364
9365
9368
9369
9374
9375
9379
9383
9383
9389
9394
9396
9397
9399
9399
9399
9400
9409
9413
9419
9428
9429
9430
9434
9441
9442
9448
9450
9450
9455
9460
9461
9466
9478
9484
9487
9497
9498
9501
9505
9507
9508
9510
9512
9515
9520
9522
9526
9527
9532
9535
9536
9536
9537
9538
9544
9545
9548
9551
9555
9556
9558
9560
9562
9569
9573
9576
9577
9583
9584
9584
9590
9591
9591
9591
9593
9595
9596
9597
9606
9609
9612
9613
9614
9625
9625
9627
9629
9630
9630
9634
9634
9638
9640
9641
9642
9646
9647
9648
9650
9661
9666
9670
9679
9683
9685
9692
9696
9700
9705
9708
9711
9719
9726
9730
9734
9735
9735
9738
9742
9745
9748
9752
9753
9755
9757
9758
9760
9761
9762
9767
9767
9768
9774
9774
9776
9777
9778
9780
9782
9784
9789
9803
9809
9810
9810
9817
9823
9825
9826
9828
9838
9845
9846
9847
9851
9851
9852
9853
9855
9865
9867
9873
9874
9878
9886
9886
9889
9893
9896
9898
9900
9905
9907
9910
9914
9919
9920
9923
9926
9927
9929
9938
9939
9940
9942
9943
9951
9952
9965
9966
9967
9973
9974
9974
9980
9982
9984
9986
9989
9989
9992
9994
10001
10003
10010
10011
10017
10018
10019
10021
10033
10034
10037
10039
10041
10043
10050
10052
10056
10059
10059
10060
10062
10063
10069
10070
10077
10081
10095
10097
10105
10108
10114
10116
10117
10119
10120
10123
10127
10130
10130
10132
10133
10133
10133
10134
10134
10138
10140
10143
10149
10154
10154
10164
10164
10165
10176
10182
10186
10187
10187
10194
10197
10202
10203
10211
10214
10216
10221
10222
10223
10223
10225
10226
10226
10226
10229
10232
10233
10236
10238
10239
10244
10248
10252
10253
10256
10276
10289
10290
10295
10296
10299
10299
10301
10303
10311
10320
10323
10330
10336
10336
10337
10339
10344
10347
10354
10355
10356
10357
10368
10368
10369
10371
10372
10375
10384
10387
10390
10390
10397
10399
10406
10410
10423
10428
10438
10447
10455
10459
10460
10466
10472
10472
10473
10478
10482
10483
10485
10493
10500
10501
10501
10513
10516
10521
10522
10522
10527
10529
10535
10536
10543
10545
10547
10547
10548
10555
10559
10563
10567
10571
10574
10578
10582
10590
10591
10592
10596
10597
10613
10613
10613
10614
10622
10633
10640
10642
10658
10658
10660
10660
10667
10668
10669
10671
10677
10680
10683
10685
10685
10685
10699
10699
10702
10715
10724
10730
10733
10735
10738
10739
10740
10740
10752
10752
10758
10758
10758
10759
10767
10768
10770
10771
10776
10777
10782
10784
10784
10786
10786
10791
10792
10797
10797
10798
10805
10806
10806
10811
10811
10815
10819
10819
10820
10820
10821
10827
10829
10831
10831
10832
10833
10840
10840
10843
10853
10854
10856
10856
10858
10859
10859
10860
10862
10862
10865
10867
10869
10870
10871
10871
10876
10878
10880
10881
10882
10891
10898
10900
10918
10922
10930
10941
10942
10946
10946
10947
10952
10961
10962
10972
10975
10982
10988
10994
11005
11006
11007
11008
11013
11027
11030
11030
11032
11041
11046
11049
11054
11054
11056
11058
11060
11065
11065
11065
11069
11074
11077
11079
11079
11087
11092
11095
11095
11098
11098
11098
11104
11108
11112
11115
11121
11122
11130
11132
11132
11134
11138
11138
11141
11142
11143
11146
11150
11158
11158
11164
11167
11167
11172
11172
11176
11186
11194
11196
11198
11204
11210
11214
11215
11215
11215
11230
11230
11234
11237
11237
11238
11240
11244
11244
11248
11253
11255
11260
11262
11268
11269
11271
11276
11288
11288
11290
11291
11293
11297
11306
11308
11309
11310
11310
11310
11312
11314
11317
11317
11322
11328
11328
11332
11334
11338
11339
11342
11344
11349
11350
11353
11360
11367
11380
11385
11386
11392
11393
11396
11397
11397
11400
11407
11408
11408
11421
11431
11432
11436
11442
11443
11444
11447
11448
11449
11450
11452
11459
11461
11462
11462
11463
11464
11467
11469
11475
11476
11480
11496
11499
11505
11507
11515
11518
11525
11526
11529
11531
11533
11542
11546
11548
11549
11549
11551
11552
11563
11574
11575
11579
11584
11589
11589
11594
11601
11605
11607
11610
11615
11621
11623
11623
11623
11624
11625
11626
11628
11631
11631
11631
11639
11647
11648
11648
11649
11668
11669
11676
11676
11677
11678
11684
11685
11687
11691
11697
11702
11703
11706
11712
11712
11716
11720
11720
11723
11725
11733
11739
11740
11741
11744
11751
11762
11765
11766
11768
11772
11772
11785
11786
11792
11797
11800
11800
11801
11802
11802
11829
11834
11856
11858
11860
11863
11865
11875
11877
11878
11880
11881
11884
11884
11887
11887
11891
11898
11911
11913
11914
11919
11919
11920
11931
11933
11938
11940
11946
11949
11949
11953
11957
11962
11962
11977
11983
11984
11986
11991
11994
11998
12005
12007
12007
12013
12013
12014
12017
12023
12024
12024
12026
12028
12039
12040
12043
12048
12049
12051
12052
12060
12063
12064
12066
12070
12071
12071
12071
12074
12075
12077
12079
12081
12090
12092
12097
12098
12110
12112
12112
12113
12114
12114
12115
12115
12115
12119
12121
12134
12137
12141
12143
12145
12145
12153
12157
12158
12162
12162
12168
12175
12176
12183
12188
12194
12200
12200
12215
12231
12232
12236
12238
12243
12246
12247
12248
12248
12254
12255
12260
12262
12267
12271
12277
12277
12281
12282
12283
12285
12290
12296
12302
12305
12315
12315
12325
12325
12327
12331
12331
12333
12335
12338
12340
12344
12352
12359
12360
12363
12369
12370
12371
12371
12372
12373
12389
12392
12392
12395
12396
12407
12409
12409
12413
12415
12415
12421
12425
12427
12427
12431
12438
12440
12441
12444
12445
12449
12449
12455
12455
12457
12462
12473
12475
12476
12480
12484
12484
12488
12490
12490
12493
12498
12499
12499
12508
12510
12511
12516
12528
12531
12531
12532
12533
12556
12558
12563
12566
12573
12578
12580
12580
12587
12588
12589
12596
12599
12607
12608
12609
12614
12622
12622
12623
12624
12624
12625
12631
12631
12633
12635
12635
12636
12638
12641
12645
12653
12653
12654
12664
12667
12673
12673
12679
12679
12691
12695
12696
12698
12706
12708
12709
12709
12712
12714
12718
12729
12731
12735
12738
12746
12752
12752
12756
12760
12760
12762
12766
12767
12768
12769
12769
12784
12791
12794
12795
12798
12804
12809
12813
12815
12819
12819
12822
12826
12827
12827
12831
12843
12847
12848
12848
12848
12851
12855
12856
12866
12867
12868
12871
12875
12878
12880
12881
12883
12886
12886
12888
12890
12891
12891
12909
12911
12917
12927
12929
12933
12933
12933
12937
12937
12941
12944
12948
12949
12952
12955
12957
12958
12959
12973
12973
12976
12978
12978
12979
12980
12980
12982
12983
12988
12997
13000
13010
13016
13018
13019
13023
13025
13027
13035
13037
13038
13042
13044
13045
13046
13046
13051
13052
13053
13053
13054
13056
13063
13065
13067
13067
13073
13076
13078
13086
13089
13091
13092
13095
13110
13115
13120
13123
13131
13132
13134
13137
13139
13142
13146
13148
13154
13156
13162
13163
13163
13176
13178
13179
13181
13182
13193
13194
13201
13207
13207
13213
13221
13223
13224
13226
13230
13235
13236
13237
13251
13252
13253
13253
13257
13262
13265
13266
13270
13273
13273
13275
13278
13284
13285
13285
13287
13288
13303
13303
13306
13307
13309
13318
13326
13326
13329
13329
13329
13338
13340
13344
13352
13354
13354
13357
13363
13365
13369
13372
13375
13379
13386
13386
13395
13402
13404
13404
13405
13406
13415
13417
13421
13427
13436
13442
13443
13448
13451
13452
13460
13460
13461
13461
13462
13462
13470
13472
13476
13477
13480
13484
13491
13501
13505
13507
13507
13510
13516
13516
13518
13523
13524
13525
13528
13530
13532
13532
13534
13535
13542
13544
13550
13552
13554
13554
13559
13560
13564
13565
13566
13566
13567
13568
13569
13570
13572
13578
13579
13580
13583
13588
13592
13593
13595
13600
13601
13608
13613
13619
13621
13621
13624
13625
13625
13627
13630
13632
13638
13638
13639
13641
13645
13646
13649
13655
13658
13662
13669
13672
13673
13674
13678
13681
13681
13687
13689
13692
13694
13694
13697
13699
13700
13702
13704
13705
13706
13711
13715
13717
13717
13721
13722
13723
13723
13733
13746
13747
13747
13750
13750
13751
13754
13756
13759
13763
13773
13774
13778
13782
13784
13784
13785
13786
13788
13790
13792
13793
13793
13794
13798
13805
13805
13807
13809
13813
13817
13818
13821
13822
13825
13829
13832
13836
13838
13838
13848
13850
13851
13851
13851
13862
13864
13865
13873
13873
13880
13882
13883
13885
13889
13889
13891
13892
13893
13895
13896
13897
13899
13906
13909
13910
13910
13912
13912
13912
13914
13919
13920
13922
13926
13929
13937
13937
13938
13950
13952
13962
13962
13969
13972
13973
13991
14002
14008
14008
14019
14022
14028
14029
14030
14032
14035
14038
14041
14045
14046
14047
14052
14055
14055
14057
14058
14060
14062
14064
14064
14074
14074
14082
14082
14087
14088
14099
14101
14111
14116
14121
14125
14127
14128
14135
14137
14137
14137
14141
14142
14142
14143
14150
14160
14161
14167
14168
14168
14169
14178
14179
14182
14184
14185
14187
14194
14196
14198
14198
14200
14201
14205
14206
14216
14216
14217
14218
14221
14225
14229
14233
14241
14251
14252
14253
14260
14263
14265
14267
14277
14278
14278
14280
14282
14282
14283
14288
14291
14297
14297
14297
14302
14302
14303
14307
14310
14314
14323
14337
14341
14341
14342
14343
14344
14346
14349
14351
14351
14353
14354
14361
14363
14364
14369
14374
14374
14376
14378
14380
14383
14384
14394
14400
14405
14408
14410
14411
14413
14416
14417
14421
14425
14430
14436
14436
14438
14442
14444
14445
14446
14447
14451
14459
14459
14462
14463
14465
14467
14467
14468
14468
14473
14474
14484
14485
14485
14495
14496
14497
14500
14511
14514
14515
14523
14524
14526
14527
14529
14531
14546
14550
14550
14560
14563
14567
14567
14567
14569
14576
14580
14591
14594
14597
14604
14608
14613
14625
14632
14633
14637
14641
14642
14643
14645
14645
14646
14647
14648
14648
14650
14657
14657
14661
14665
14667
14677
14681
14681
14682
14687
14689
14691
14692
14694
14699
14709
14713
14718
14724
14725
14725
14727
14731
14732
14732
14732
14738
14741
14741
14745
14751
14761
14763
14780
14780
14783
14788
14791
14791
14791
14802
14802
14806
14806
14818
14820
14822
14823
14823
14824
14824
14825
14826
14832
14836
14837
14838
14841
14844
14847
14852
14855
14855
14861
14863
14863
14865
14869
14869
14871
14878
14887
14890
14890
14892
14895
14895
14902
14906
14918
14920
14926
14930
14933
14938
14939
14946
14949
14950
14958
14960
14967
14967
14969
14973
14975
14975
14976
14976
14982
14985
14986
14988
14995
15011
15014
15018
15023
15025
15030
15030
15030
15033
15034
15034
15038
15038
15041
15041
15046
15051
15052
15067
15068
15071
15074
15082
15084
15086
15087
15097
15099
15105
15108
15117
15118
15120
15122
15123
15125
15126
15129
15130
15131
15131
15133
15142
15145
15147
15148
15154
15155
15159
15161
15161
15162
15163
15170
15172
15173
15190
15192
15196
15199
15205
15207
15208
15210
15216
15218
15221
15221
15223
15224
15226
15226
15226
15227
15227
15228
15229
15230
15232
15241
15244
15245
15247
15252
15254
15258
15261
15265
15266
15266
15267
15271
15282
15288
15297
15299
15299
15300
15307
15313
15314
15315
15316
15321
15330
15335
15340
15343
15345
15347
15351
15352
15352
15360
15362
15363
15368
15368
15372
15383
15387
15392
15393
15394
15397
15398
15410
15412
15418
15419
15421
15422
15425
15429
15432
15433
15433
15443
15443
15445
15450
15461
15462
15464
15468
15473
15474
15479
15488
15489
15494
15494
15494
15496
15507
15508
15509
15512
15513
15514
15516
15517
15527
15532
15533
15533
15535
15541
15545
15549
15550
15550
15555
15560
15564
15564
15564
15568
15569
15572
15587
15591
15592
15593
15599
15603
15607
15608
15609
15613
15616
15618
15623
15627
15629
15631
15641
15647
15649
15650
15656
15657
15658
15663
15672
15676
15677
15678
15680
15686
15690
15693
15694
15698
15706
15710
15718
15731
15732
15742
15743
15744
15748
15748
15751
15764
15765
15765
15766
15775
15784
15788
15789
15790
15791
15791
15794
15795
15795
15805
15807
15811
15811
15813
15813
15815
15816
15816
15820
15824
15825
15829
15829
15836
15837
15838
15844
15846
15852
15852
15854
15857
15864
15864
15871
15878
15879
15883
15884
15889
15890
15893
15894
15900
15903
15905
15907
15908
15909
15913
15914
15923
15925
15926
15930
15932
15938
15942
15943
15947
15956
15962
15970
15975
15979
15980
15980
15981
15982
15984
15986
15987
15988
15989
15997
15999
16004
16008
16010
16013
16014
16015
16017
16018
16023
16029
16029
16032
16032
16038
16040
16042
16043
16045
16046
16055
16062
16064
16066
16068
16070
16071
16072
16079
16081
16088
16093
16098
16101
16102
16102
16109
16111
16112
16122
16122
16128
16134
16138
16139
16140
16145
16151
16152
16153
16153
16155
16160
16164
16165
16171
16175
16178
16179
16181
16184
16195
16195
16196
16199
16200
16201
16207
16211
16215
16221
16226
16228
16228
16230
16230
16234
16238
16242
16244
16247
16249
16256
16257
16258
16258
16260
16261
16262
16265
16267
16267
16271
16272
16275
16280
16283
16285
16285
16286
16290
16293
16294
16300
16303
16304
16311
16311
16313
16322
16323
16323
16326
16333
16333
16335
16338
16343
16343
16344
16345
16346
16346
16367
16370
16375
16377
16379
16381
16386
16386
16388
16397
16399
16400
16401
16405
16406
16411
16413
16414
16415
16419
16426
16426
16437
16438
16444
16446
16449
16455
16459
16459
16470
16471
16474
16475
16477
16481
16484
16488
16490
16490
16492
16493
16494
16502
16508
16508
16510
16525
16525
16527
16528
16528
16529
16533
16540
16540
16541
16542
16551
16552
16554
16556
16558
16568
16584
16585
16589
16593
16593
16596
16597
16599
16599
16601
16606
16618
16621
16626
16628
16631
16635
16638
16638
16639
16644
16646
16656
16659
16669
16670
16671
16672
16674
16675
16679
16685
16692
16692
16694
16697
16700
16704
16707
16710
16711
16711
16714
16715
16717
16726
16731
16732
16733
16733
16733
16738
16740
16743
16744
16749
16755
16759
16760
16760
16761
16767
16771
16772
16773
16776
16777
16779
16787
16788
16789
16790
16792
16797
16799
16806
16806
16807
16818
16825
16829
16831
16832
16837
16837
16840
16846
16852
16853
16858
16866
16868
16869
16876
16878
16892
16892
16893
16893
16894
16897
16906
16908
16911
16912
16917
16920
16922
16924
16925
16927
16930
16935
16938
16940
16940
16943
16945
16950
16957
16958
16959
16962
16964
16967
16968
16969
16979
16980
16987
16988
16994
17005
17010
17011
17013
17020
17023
17025
17025
17026
17028
17031
17031
17034
17034
17034
17038
17040
17043
17045
17053
17063
17063
17077
17086
17087
17087
17088
17089
17093
17093
17094
17096
17099
17100
17102
17104
17105
17105
17118
17121
17128
17131
17133
17141
17142
17145
17153
17155
17158
17158
17162
17164
17166
17168
17170
17170
17172
17174
17179
17180
17183
17187
17194
17194
17200
17201
17203
17203
17204
17205
17208
17209
17209
17210
17215
17216
17218
17226
17228
17228
17230
17230
17230
17231
17232
17234
17237
17238
17239
17242
17242
17243
17244
17249
17255
17256
17257
17272
17272
17275
17275
17276
17280
17282
17287
17298
17299
17300
17305
17312
17314
17314
17315
17315
17315
17316
17321
17324
17325
17329
17330
17332
17341
17341
17342
17343
17343
17345
17352
17358
17366
17367
17367
17370
17374
17375
17385
17386
17387
17389
17393
17395
17398
17401
17402
17411
17413
17415
17416
17418
17425
17429
17429
17435
17439
17442
17447
17448
17451
17451
17461
17465
17466
17477
17482
17483
17485
17488
17489
17492
17495
17500
17506
17511
17514
17515
17523
17526
17530
17545
17545
17550
17550
17552
17554
17555
17560
17565
17569
17575
17583
17592
17594
17598
17607
17607
17618
17620
17622
17623
17628
17629
17639
17639
17647
17647
17648
17655
17661
17663
17665
17668
17668
17678
17682
17683
17692
17696
17704
17704
17713
17714
17716
17717
17719
17723
17724
17726
17730
17736
17742
17742
17743
17747
17750
17752
17761
17768
17768
17774
17774
17775
17779
17789
17795
17796
17804
17809
17810
17810
17813
17826
17826
17828
17829
17839
17847
17848
17852
17854
17854
17856
17860
17868
17871
17874
17875
17875
17876
17881
17882
17887
17891
17896
17896
17902
17905
17905
17906
17910
17916
17918
17918
17919
17922
17924
17925
17926
17930
17931
17932
17934
17934
17937
17938
17939
17941
17953
17958
17959
17959
17960
17961
17973
17978
17986
17987
17988
17989
17990
17995
17997
17997
17998
18000
18003
18003
18005
18006
18009
18013
18016
18020
18020
18020
18021
18023
18026
18027
18029
18032
18037
18046
18049
18049
18051
18054
18057
18065
18067
18069
18072
18072
18075
18083
18092
18106
18107
18109
18111
18112
18113
18124
18125
18127
18130
18132
18140
18147
18154
18155
18168
18173
18179
18185
18186
18187
18187
18189
18190
18192
18194
18205
18211
18215
18215
18217
18217
18222
18228
18230
18231
18233
18236
18241
18241
18244
18247
18248
18251
18252
18257
18257
18261
18262
18262
18263
18271
18272
18274
18276
18276
18284
18285
18287
18291
18304
18305
18313
18319
18322
18322
18323
18323
18324
18327
18331
18335
18337
18338
18339
18340
18341
18341
18341
18343
18344
18348
18348
18350
18352
18353
18355
18357
18365
18376
18376
18380
18381
18382
18383
18384
18388
18388
18389
18389
18390
18391
18395
18398
18399
18400
18407
18407
18410
18414
18421
18427
18432
18435
18436
18442
18445
18453
18455
18457
18459
18461
18462
18463
18464
18479
18481
18482
18484
18492
18493
18504
18504
18507
18507
18513
18518
18521
18523
18526
18528
18528
18536
18537
18538
18541
18542
18542
18546
18546
18547
18548
18551
18553
18554
18557
18557
18561
18564
18565
18566
18568
18573
18573
18575
18577
18577
18579
18580
18582
18583
18590
18591
18595
18598
18600
18601
18609
18611
18612
18614
18617
18627
18642
18643
18653
18654
18654
18655
18660
18661
18662
18663
18666
18668
18670
18671
18675
18675
18676
18681
18682
18682
18682
18683
18700
18703
18712
18713
18717
18717
18722
18726
18726
18733
18736
18740
18742
18750
18753
18753
18753
18754
18757
18763
18763
18764
18765
18768
18776
18779
18782
18785
18787
18793
18800
18811
18811
18812
18813
18815
18818
18822
18823
18825
18830
18832
18835
18835
18835
18836
18839
18839
18844
18847
18848
18849
18856
18860
18861
18863
18868
18875
18877
18878
18886
18888
18889
18892
18896
18896
18905
18908
18908
18909
18918
18919
18920
18928
18936
18937
18940
18944
18945
18952
18955
18975
18975
18978
18986
18988
18989
18993
18993
18994
19003
19011
19016
19022
19023
19024
19031
19031
19034
19035
19037
19041
19047
19047
19051
19052
19058
19062
19070
19070
19071
19072
19073
19087
19089
19096
19097
19098
19102
19105
19105
19114
19115
19115
19119
19127
19128
19129
19131
19135
19144
19145
19148
19150
19152
19156
19156
19156
19158
19161
19162
19165
19169
19171
19176
19177
19182
19183
19186
19187
19189
19192
19200
19200
19206
19208
19208
19214
19218
19219
19227
19228
19231
19231
19233
19234
19234
19234
19238
19243
19248
19249
19252
19252
19255
19265
19267
19272
19273
19278
19279
19279
19281
19281
19283
19284
19289
19290
19290
19304
19309
19310
19312
19313
19316
19318
19321
19328
19333
19336
19336
19337
19343
19347
19350
19352
19352
19353
19358
19360
19372
19372
19392
19393
19396
19398
19409
19411
19412
19414
19415
19417
19418
19419
19430
19433
19441
19442
19447
19450
19453
19453
19453
19454
19455
19461
19463
19463
19468
19471
19478
19488
19490
19490
19495
19498
19500
19507
19508
19509
19510
19515
19518
19520
19520
19526
19527
19528
19528
19531
19533
19539
19540
19541
19541
19541
19543
19544
19545
19553
19567
19569
19572
19573
19574
19577
19590
19591
19592
19593
19607
19608
19609
19627
19629
19630
19635
19637
19638
19642
19644
19651
19653
19662
19679
19684
19689
19692
19698
19698
19700
19700
19718
19718
19721
19722
19722
19724
19730
19735
19735
19739
19741
19745
19745
19748
19750
19753
19753
19753
19755
19770
19777
19779
19781
19782
19786
19797
19800
19804
19805
19806
19809
19811
19816
19817
19817
19823
19830
19832
19834
19835
19838
19850
19854
19854
19859
19872
19884
19888
19893
19896
19896
19897
19899
19903
19909
19910
19928
19935
19936
19939
19942
19943
19944
19947
19948
19952
19954
19956
19958
19958
19964
19964
19964
19970
19972
19973
19976
19979
19979
19981
19987
19988
19991
19991
19991
19995
19997
20000
20006
20008
20009
20010
20010
20010
20011
20012
20023
20026
20030
20030
20031
20035
20041
20042
20042
20046
20050
20051
20052
20056
20059
20060
20064
20065
20066
20070
20074
20075
20083
20086
20089
20091
20103
20103
20103
20111
20115
20121
20126
20136
20136
20137
20140
20144
20148
20152
20154
20154
20158
20160
20160
20162
20166
20172
20179
20190
20193
20199
20203
20207
20207
20215
20216
20223
20224
20226
20227
20232
20240
20245
20248
20252
20272
20274
20275
20284
20291
20293
20294
20296
20296
20298
20298
20299
20300
20300
20303
20304
20307
20308
20309
20320
20320
20322
20323
20323
20325
20326
20332
20334
20340
20341
20341
20343
20357
20360
20361
20363
20365
20366
20368
20376
20377
20379
20383
20387
20387
20390
20398
20398
20419
20421
20424
20433
20433
20433
20443
20445
20453
20459
20460
20464
20465
20469
20471
20474
20479
20483
20490
20499
20503
20507
20509
20516
20516
20520
20524
20530
20533
20539
20541
20543
20548
20548
20557
20559
20560
20561
20563
20566
20567
20571
20571
20572
20576
20577
20578
20579
20584
20601
20601
20601
20606
20607
20613
20614
20617
20623
20628
20628
20639
20654
20655
20656
20657
20668
20673
20675
20677
20679
20681
20694
20695
20701
20701
20705
20708
20709
20714
20714
20726
20727
20731
20743
20757
20757
20763
20763
20763
20767
20771
20775
20785
20786
20792
20797
20797
20799
20804
20811
20815
20820
20823
20826
20827
20830
20834
20835
20835
20839
20842
20844
20848
20852
20853
20866
20868
20874
20883
20883
20884
20889
20894
20899
20907
20916
20923
20923
20931
20936
20937
20939
20944
20947
20950
20950
20951
20955
20956
20957
20963
20964
20965
20970
20971
20972
20974
20978
20988
20991
20995
20996
21003
21004
21007
21008
21012
21012
21019
21020
21020
21035
21036
21038
21038
21046
21063
21067
21068
21072
21074
21079
21091
21091
21095
21098
21098
21099
21106
21107
21110
21117
21122
21133
21133
21134
21135
21138
21138
21143
21143
21144
21147
21153
21165
21166
21171
21184
21190
21191
21203
21204
21205
21212
21212
21214
21216
21220
21228
21230
21231
21241
21241
21247
21254
21256
21256
21257
21260
21264
21270
21271
21273
21274
21276
21280
21288
21294
21296
21300
21304
21304
21304
21307
21310
21315
21318
21328
21330
21331
21333
21335
21336
21343
21346
21351
21351
21352
21355
21362
21363
21363
21364
21369
21371
21373
21375
21376
21382
21383
21386
21389
21402
21406
21414
21417
21420
21425
21425
21428
21436
21452
21453
21454
21458
21465
21468
21469
21470
21472
21472
21473
21476
21483
21489
21495
21495
21499
21504
21509
21510
21514
21517
21521
21523
21524
21524
21525
21533
21535
21535
21537
21538
21540
21541
21543
21543
21549
21552
21554
21556
21560
21561
21564
21569
21571
21579
21579
21584
21594
21609
21612
21613
21619
21620
21620
21629
21633
21637
21642
21643
21645
21645
21653
21658
21664
21666
21667
21673
21675
21677
21681
21688
21688
21691
21692
21694
21694
21694
21711
21713
21718
21723
21724
21727
21732
21735
21744
21744
21749
21750
21752
21752
21752
21753
21755
21757
21769
21776
21780
21781
21788
21790
21791
21800
21809
21811
21812
21817
21818
21818
21824
21829
21834
21836
21841
21841
21843
21848
21848
21849
21853
21855
21862
21863
21865
21865
21868
21870
21872
21876
21878
21879
21883
21884
21887
21890
21900
21902
21904
21904
21907
21911
21915
21918
21921
21923
21924
21932
21937
21939
21941
21941
21951
21958
21958
21959
21959
21960
21962
21966
21973
21974
21980
21984
21992
21992
22000
22003
22005
22015
22017
22020
22020
22023
22024
22026
22031
22045
22056
22062
22064
22067
22072
22072
22072
22074
22080
22082
22086
22087
22090
22102
22107
22108
22115
22117
22120
22124
22125
22127
22131
22131
22133
22135
22136
22142
22142
22146
22151
22153
22156
22159
22161
22161
22164
22174
22177
22178
22180
22186
22188
22191
22193
22204
22209
22214
22216
22218
22218
22219
22225
22230
22231
22231
22233
22234
22237
22240
22241
22247
22250
22255
22255
22257
22258
22259
22261
22262
22263
22263
22270
22275
22293
22294
22297
22297
22298
22305
22307
22315
22321
22322
22326
22330
22331
22335
22343
22343
22346
22351
22351
22351
22357
22360
22367
22386
22387
22389
22390
22393
22395
22396
22398
22399
22403
22405
22408
22410
22410
22414
22417
22417
22419
22428
22436
22443
22447
22449
22452
22454
22457
22463
22463
22465
22466
22470
22470
22472
22475
22489
22498
22499
22501
22504
22507
22511
22512
22513
22513
22514
22518
22524
22528
22529
22535
22536
22536
22537
22537
22541
22551
22558
22562
22566
22567
22577
22579
22581
22595
22596
22597
22597
22602
22606
22610
22614
22618
22618
22622
22629
22629
22632
22633
22634
22640
22643
22647
22650
22650
22651
22651
22652
22654
22656
22657
22658
22660
22661
22661
22667
22667
22674
22681
22681
22683
22686
22688
22690
22695
22703
22704
22705
22714
22719
22721
22722
22723
22729
22729
22732
22740
22741
22742
22743
22751
22751
22754
22756
22757
22762
22769
22772
22776
22776
22781
22785
22787
22789
22792
22793
22794
22796
22797
22801
22806
22809
22809
22814
22818
22822
22825
22835
22837
22843
22849
22851
22862
22865
22870
22870
22879
22882
22884
22894
22899
22900
22901
22904
22905
22906
22911
22917
22920
22924
22944
22944
22947
22957
22959
22964
22970
22973
22975
22984
22984
22984
22992
22996
22998
23002
23004
23010
23018
23024
23033
23035
23038
23038
23042
23044
23054
23055
23069
23080
23084
23088
23089
23100
23101
23106
23110
23111
23115
23120
23129
23129
23130
23132
23135
23136
23137
23139
23141
23142
23142
23146
23156
23159
23165
23166
23170
23174
23177
23178
23183
23184
23194
23202
23211
23211
23211
23212
23213
23214
23218
23218
23218
23226
23229
23231
23241
23249
23250
23250
23254
23263
23264
23266
23271
23273
23274
23274
23280
23286
23287
23291
23292
23294
23296
23302
23306
23308
23311
23312
23313
23314
23317
23318
23321
23326
23328
23330
23330
23332
23332
23333
23333
23338
23341
23343
23344
23345
23345
23347
23348
23348
23349
23354
23358
23360
23362
23362
23364
23365
23366
23367
23367
23375
23377
23383
23385
23387
23389
23393
23394
23396
23398
23404
23406
23406
23411
23414
23415
23416
23418
23426
23427
23427
23427
23432
23439
23443
23444
23444
23446
23447
23452
23453
23461
23461
23461
23464
23469
23473
23474
23478
23478
23489
23489
23492
23498
23503
23504
23504
23505
23508
23509
23518
23520
23528
23529
23540
23542
23543
23544
23546
23547
23547
23548
23548
23549
23552
23553
23556
23557
23560
23562
23564
23567
23572
23574
23578
23580
23587
23588
23589
23594
23597
23598
23598
23604
23605
23606
23612
23612
23612
23619
23625
23632
23636
23638
23644
23645
23645
23646
23647
23647
23648
23651
23656
23660
23664
23668
23672
23676
23677
23680
23685
23689
23689
23692
23693
23694
23699
23702
23708
23712
23713
23722
23723
23727
23728
23729
23733
23734
23744
23746
23746
23752
23759
23760
23765
23771
23777
23777
23781
23783
23783
23784
23784
23785
23787
23788
23798
23804
23805
23807
23808
23815
23816
23817
23818
23819
23820
23823
23828
23828
23829
23834
23834
23835
23836
23837
23838
23838
23838
23841
23848
23849
23850
23852
23859
23863
23863
23865
23866
23868
23872
23874
23876
23879
23880
23886
23887
23889
23892
23895
23901
23903
23903
23903
23904
23907
23916
23924
23925
23933
23935
23943
23944
23946
23952
23955
23957
23960
23962
23966
23968
23970
23976
23981
23982
23983
23985
23986
23987
23989
23992
23993
23998
24001
24001
24003
24006
24011
24024
24025
24035
24039
24040
24045
24050
24052
24055
24058
24063
24063
24064
24070
24072
24077
24078
24079
24083
24084
24086
24088
24090
24092
24094
24101
24101
24110
24111
24112
24113
24114
24119
24121
24122
24132
24133
24139
24144
24146
24149
24151
24154
24159
24161
24165
24166
24168
24171
24173
24178
24181
24186
24188
24201
24202
24206
24207
24212
24213
24220
24221
24222
24225
24227
24234
24238
24239
24242
24247
24249
24257
24266
24269
24271
24273
24273
24296
24298
24304
24306
24308
24311
24315
24316
24316
24318
24321
24329
24332
24337
24342
24348
24356
24357
24365
24367
24370
24371
24373
24374
24375
24383
24383
24384
24390
24392
24397
24398
24399
24404
24408
24411
24412
24415
24416
24422
24423
24424
24425
24429
24430
24436
24438
24442
24444
24444
24447
24448
24455
24457
24458
24465
24467
24470
24471
24472
24473
24477
24480
24480
24482
24486
24486
24488
24489
24490
24496
24498
24499
24502
24509
24514
24517
24517
24518
24523
24531
24532
24534
24535
24535
24540
24541
24543
24544
24546
24548
24554
24555
24561
24570
24575
24579
24585
24590
24595
24598
24604
24605
24607
24611
24613
24614
24618
24620
24626
24630
24632
24633
24635
24647
24648
24652
24656
24658
24661
24665
24672
24673
24686
24689
24689
24698
24700
24701
24706
24707
24711
24714
24717
24723
24726
24731
24738
24743
24744
24745
24745
24747
24747
24747
24760
24767
24767
24770
24770
24775
24780
24783
24789
24791
24791
24797
24798
24799
24802
24803
24806
24809
24811
24813
24815
24815
24817
24820
24822
24825
24827
24837
24838
24842
24843
24848
24855
24856
24858
24859
24862
24866
24867
24872
24874
24875
24875
24882
24883
24886
24886
24887
24887
24889
24889
24890
24893
24899
24900
24900
24901
24901
24901
24905
24905
24908
24909
24910
24912
24913
24915
24918
24927
24934
24940
24941
24951
24953
24955
24957
24959
24959
24959
24965
24970
24974
24980
24982
24982
24984
24984
24988
24989
24992
25005
25006
25007
25015
25017
25018
25025
25029
25030
25034
25036
25042
25043
25048
25048
25048
25054
25056
25057
25067
25075
25083
25085
25087
25095
25105
25112
25115
25117
25118
25119
25120
25126
25127
25129
25130
25135
25137
25139
25144
25144
25144
25144
25150
25150
25155
25156
25160
25167
25168
25169
25170
25182
25187
25188
25193
25194
25195
25196
25200
25201
25204
25205
25208
25208
25214
25215
25219
25219
25224
25227
25228
25228
25232
25234
25239
25241
25245
25251
25252
25262
25263
25263
25268
25273
25274
25274
25277
25278
25283
25290
25291
25298
25299
25300
25304
25307
25309
25310
25312
25314
25323
25330
25331
25336
25336
25352
25354
25359
25362
25364
25365
25365
25375
25377
25387
25388
25391
25396
25396
25397
25403
25407
25408
25409
25412
25413
25414
25419
25420
25425
25428
25432
25445
25447
25453
25454
25461
25470
25472
25476
25476
25476
25478
25478
25480
25481
25486
25486
25489
25492
25497
25498
25504
25517
25517
25518
25527
25530
25530
25536
25538
25540
25542
25545
25546
25550
25554
25554
25555
25555
25566
25569
25570
25574
25576
25577
25580
25580
25581
25584
25586
25588
25590
25603
25604
25608
25628
25631
25648
25651
25661
25664
25667
25677
25689
25702
25703
25708
25720
25720
25720
25723
25727
25733
25734
25735
25736
25737
25737
25744
25745
25752
25753
25755
25756
25757
25760
25760
25771
25774
25775
25777
25782
25782
25792
25794
25794
25795
25797
25799
25801
25801
25813
25820
25821
25830
25832
25836
25842
25846
25854
25858
25866
25867
25869
25870
25875
25877
25883
25883
25883
25886
25891
25892
25892
25893
25896
25896
25914
25915
25921
25929
25930
25930
25933
25934
25936
25938
25940
25943
25943
25947
25952
25954
25954
25957
25958
25962
25965
25973
25973
25974
25978
25982
25993
25996
26001
26008
26010
26011
26013
26015
26015
26017
26028
26038
26042
26049
26055
26056
26063
26070
26070
26071
26072
26074
26075
26079
26081
26083
26085
26085
26091
26096
26100
26104
26106
26106
26111
26112
26116
26117
26121
26122
26124
26126
26127
26143
26146
26147
26153
26154
26154
26157
26160
26160
26165
26184
26186
26190
26191
26191
26201
26207
26210
26210
26216
26229
26231
26234
26235
26239
26242
26246
26247
26250
26254
26260
26262
26268
26269
26270
26280
26282
26286
26290
26296
26298
26300
26310
26310
26311
26313
26317
26319
26324
26325
26327
26329
26334
26335
26339
26342
26347
26348
26348
26356
26367
26370
26377
26380
26388
26388
26389
26390
26395
26395
26402
26407
26412
26414
26417
26419
26419
26425
26425
26433
26434
26434
26435
26437
26440
26443
26448
26449
26452
26454
26454
26456
26464
26466
26475
26481
26482
26482
26483
26494
26496
26519
26529
26529
26532
26541
26541
26543
26550
26553
26554
26558
26564
26567
26567
26568
26572
26573
26573
26581
26585
26588
26591
26593
26593
26595
26604
26606
26611
26614
26618
26624
26624
26625
26626
26626
26628
26631
26634
26635
26637
26640
26641
26642
26643
26644
26644
26648
26648
26648
26649
26652
26655
26656
26658
26660
26660
26667
26673
26675
26680
26680
26687
26690
26695
26701
26704
26706
26710
26710
26711
26713
26716
26718
26719
26723
26725
26727
26728
26728
26730
26732
26738
26740
26741
26741
26747
26750
26755
26759
26761
26761
26768
26770
26776
26777
26779
26780
26786
26786
26792
26805
26813
26813
26814
26814
26814
26820
26824
26830
26831
26833
26833
26840
26843
26849
26851
26856
26875
26875
26877
26877
26878
26879
26893
26897
26904
26908
26908
26913
26916
26918
26921
26922
26931
26940
26943
26944
26948
26948
26952
26952
26955
26959
26961
26961
26964
26967
26967
26968
26969
26972
26973
26973
26974
26978
27000
27004
27013
27015
27016
27021
27023
27023
27023
27025
27036
27037
27038
27038
27044
27044
27048
27051
27054
27054
27058
27061
27063
27066
27066
27075
27076
27077
27083
27084
27085
27093
27102
27107
27108
27113
27116
27128
27129
27129
27130
27146
27150
27151
27156
27160
27161
27161
27163
27163
27167
27169
27169
27177
27181
27186
27189
27190
27194
27196
27201
27204
27204
27206
27208
27210
27213
27216
27218
27219
27220
27226
27226
27229
27231
27239
27244
27249
27253
27258
27261
27262
27264
27270
27270
27271
27273
27279
27284
27284
27288
27289
27291
27299
27300
27301
27308
27309
27310
27312
27315
27318
27320
27328
27329
27332
27336
27339
27346
27347
27348
27351
27351
27352
27352
27352
27353
27356
27356
27365
27368
27369
27370
27371
27372
27373
27373
27374
27376
27382
27383
27384
27386
27387
27388
27388
27390
27395
27396
27396
27407
27407
27409
27411
27412
27413
27415
27417
27417
27423
27426
27427
27442
27443
27455
27469
27473
27476
27478
27478
27478
27483
27489
27496
27498
27502
27505
27510
27512
27513
27516
27519
27529
27531
27536
27537
27537
27551
27552
27554
27555
27555
27559
27563
27571
27573
27573
27574
27585
27588
27599
27608
27610
27615
27616
27618
27620
27621
27621
27622
27624
27625
27627
27630
27632
27644
27646
27652
27655
27666
27667
27667
27673
27676
27679
27680
27681
27686
27693
27694
27702
27707
27711
27711
27711
27715
27721
27722
27725
27733
27734
27736
27737
27740
27743
27746
27746
27750
27755
27756
27760
27761
27761
27763
27766
27770
27773
27775
27777
27780
27787
27787
27787
27792
27793
27794
27794
27796
27804
27805
27808
27809
27812
27814
27816
27816
27819
27822
27826
27828
27831
27831
27832
27838
27843
27844
27846
27846
27846
27856
27858
27860
27861
27862
27863
27866
27872
27874
27875
27876
27876
27882
27888
27894
27895
27897
27900
27905
27917
27926
27927
27930
27931
27938
27939
27947
27948
27950
27958
27960
27962
27977
27978
27988
27989
27995
27995
28004
28004
28004
28005
28006
28017
28018
28018
28022
28028
28037
28037
28042
28043
28050
28051
28052
28058
28060
28065
28065
28067
28067
28077
28079
28087
28091
28091
28097
28101
28114
28121
28124
28130
28130
28134
28134
28146
28153
28153
28158
28158
28160
28161
28163
28166
28171
28172
28173
28175
28177
28180
28183
28183
28183
28184
28191
28199
28201
28218
28221
28223
28224
28224
28229
28229
28233
28233
28239
28239
28245
28246
28246
28247
28248
28248
28255
28258
28264
28273
28281
28281
28283
28286
28288
28293
28294
28297
28306
28307
28307
28308
28309
28310
28310
28313
28317
28319
28326
28329
28330
28333
28333
28336
28338
28349
28352
28352
28362
28365
28366
28371
28379
28385
28385
28387
28388
28392
28393
28394
28395
28398
28403
28413
28414
28418
28422
28424
28427
28428
28430
28431
28432
28435
28440
28444
28449
28454
28455
28455
28456
28456
28456
28458
28464
28468
28469
28470
28473
28475
28477
28480
28486
28490
28493
28493
28494
28497
28498
28504
28504
28506
28507
28509
28511
28513
28520
28525
28530
28531
28531
28534
28541
28541
28546
28551
28554
28556
28559
28564
28565
28575
28575
28576
28576
28576
28579
28584
28589
28590
28592
28593
28597
28598
28601
28602
28609
28614
28618
28621
28622
28632
28644
28655
28659
28669
28674
28676
28684
28684
28686
28689
28690
28691
28694
28695
28702
28706
28708
28709
28710
28715
28715
28717
28724
28725
28726
28729
28730
28731
28732
28733
28734
28739
28740
28741
28743
28745
28746
28758
28761
28762
28766
28775
28776
28777
28781
28786
28787
28789
28792
28796
28796
28808
28808
28808
28813
28823
28825
28829
28830
28831
28831
28833
28834
28835
28837
28838
28838
28848
28851
28855
28857
28859
28859
28861
28861
28867
28869
28876
28880
28882
28886
28893
28894
28895
28897
28901
28902
28905
28906
28912
28912
28917
28920
28926
28932
28935
28941
28947
28950
28954
28956
28956
28966
28970
28973
28974
28976
28982
28987
28989
28995
28995
28998
29002
29003
29006
29006
29028
29030
29031
29034
29034
29041
29043
29044
29048
29050
29052
29053
29055
29063
29063
29063
29071
29071
29075
29076
29076
29076
29080
29082
29083
29083
29084
29084
29085
29091
29092
29101
29103
29113
29118
29120
29123
29124
29124
29127
29132
29135
29144
29147
29149
29149
29152
29154
29161
29164
29166
29169
29170
29172
29173
29175
29175
29178
29182
29182
29184
29188
29194
29195
29198
29200
29201
29202
29202
29204
29214
29222
29227
29231
29233
29234
29236
29237
29241
29246
29247
29251
29251
29253
29256
29258
29266
29269
29270
29277
29279
29286
29291
29293
29293
29297
29297
29298
29301
29302
29314
29316
29317
29317
29320
29321
29323
29323
29324
29325
29325
29326
29328
29330
29332
29353
29355
29363
29364
29366
29374
29378
29379
29380
29384
29390
29406
29408
29411
29415
29418
29423
29429
29429
29443
29445
29446
29449
29450
29451
29451
29454
29458
29466
29466
29467
29470
29473
29474
29477
29480
29481
29482
29482
29483
29485
29485
29499
29500
29507
29511
29514
29515
29517
29519
29524
29528
29532
29534
29534
29535
29539
29540
29540
29541
29549
29554
29555
29560
29562
29564
29565
29570
29574
29577
29587
29588
29590
29593
29594
29594
29595
29596
29597
29601
29610
29614
29616
29634
29639
29640
29641
29644
29645
29647
29649
29652
29657
29658
29662
29671
29672
29673
29680
29681
29688
29692
29696
29698
29700
29703
29707
29707
29709
29711
29711
29712
29715
29721
29724
29725
29728
29732
29735
29737
29737
29746
29755
29758
29766
29772
29779
29781
29783
29787
29790
29797
29802
29803
29804
29821
29825
29828
29828
29829
29833
29836
29836
29841
29844
29846
29863
29872
29873
29875
29880
29883
29883
29884
29887
29894
29896
29906
29909
29910
29911
29911
29912
29916
29918
29921
29921
29922
29924
29925
29929
29935
29943
29946
29950
29951
29955
29958
29959
29967
29969
29974
29975
29978
29983
29987
29988
29988
29993
29993
29994
29999
30000
30013
30017
30021
30028
30030
30035
30038
30039
30041
30043
30045
30047
30047
30047
30048
30051
30051
30058
30067
30071
30072
30074
30075
30076
30079
30079
30083
30084
30085
30089
30091
30092
30094
30094
30097
30107
30109
30110
30117
30129
30143
30143
30144
30145
30146
30147
30153
30154
30155
30165
30172
30173
30176
30177
30177
30178
30180
30190
30197
30204
30207
30212
30215
30220
30223
30225
30239
30242
30242
30249
30250
30261
30263
30266
30266
30267
30269
30283
30291
30292
30294
30296
30296
30298
30300
30302
30302
30303
30305
30307
30307
30307
30307
30310
30310
30313
30320
30321
30322
30327
30328
30330
30336
30339
30340
30342
30344
30347
30349
30354
30354
30365
30375
30376
30379
30388
30393
30396
30400
30412
30412
30416
30417
30420
30421
30423
30423
30428
30428
30436
30440
30443
30453
30457
30459
30460
30462
30483
30483
30488
30494
30500
30505
30515
30516
30517
30520
30531
30531
30534
30539
30544
30549
30550
30550
30554
30560
30562
30563
30563
30568
30570
30571
30576
30578
30579
30581
30584
30587
30590
30590
30596
30596
30600
30601
30601
30602
30603
30603
30610
30612
30620
30621
30638
30650
30652
30654
30656
30659
30663
30663
30666
30672
30673
30673
30674
30677
30704
30717
30717
30721
30721
30724
30736
30741
30745
30745
30749
30752
30753
30757
30761
30770
30773
30776
30776
30779
30781
30782
30790
30794
30794
30795
30799
30801
30806
30807
30810
30819
30820
30827
30831
30833
30833
30835
30837
30839
30841
30848
30853
30856
30859
30859
30860
30860
30868
30872
30874
30876
30888
30891
30892
30896
30900
30901
30907
30908
30916
30920
30925
30928
30932
30936
30937
30945
30948
30949
30949
30950
30953
30960
30964
30966
30971
30977
30977
30988
30991
30997
30999
31000
31004
31008
31009
31015
31019
31019
31020
31025
31026
31035
31043
31044
31046
31046
31048
31048
31055
31057
31060
31060
31065
31068
31068
31070
31070
31070
31074
31074
31084
31089
31092
31097
31100
31102
31102
31103
31104
31106
31110
31113
31115
31122
31127
31135
31136
31138
31138
31143
31147
31154
31157
31160
31163
31164
31165
31175
31176
31178
31184
31185
31186
31203
31207
31219
31220
31222
31228
31228
31232
31232
31234
31234
31234
31236
31238
31242
31243
31244
31244
31246
31249
31253
31264
31267
31268
31268
31268
31272
31275
31287
31290
31295
31299
31301
31302
31302
31303
31310
31317
31321
31321
31322
31323
31324
31324
31327
31327
31329
31332
31334
31336
31338
31340
31357
31357
31360
31363
31369
31370
31376
31385
31388
31389
31389
31390
31391
31392
31406
31406
31406
31408
31417
31417
31427
31431
31434
31443
31449
31452
31457
31458
31460
31463
31463
31466
31466
31468
31470
31471
31475
31475
31479
31481
31486
31488
31489
31490
31496
31502
31503
31512
31513
31513
31515
31515
31522
31526
31532
31539
31541
31549
31549
31554
31555
31558
31562
31570
31573
31576
31583
31583
31586
31587
31589
31589
31604
31604
31604
31606
31614
31614
31615
31615
31615
31615
31617
31618
31623
31625
31626
31626
31628
31628
31632
31636
31636
31638
31640
31648
31658
31658
31658
31659
31662
31673
31675
31677
31681
31684
31687
31689
31690
31693
31697
31701
31717
31723
31724
31727
31732
31743
31745
31747
31749
31751
31754
31759
31759
31766
31767
31767
31768
31769
31770
31771
31776
31776
31777
31779
31781
31781
31782
31784
31784
31786
31786
31788
31791
31793
31817
31820
31823
31832
31833
31833
31837
31837
31837
31844
31846
31851
31851
31853
31857
31860
31863
31865
31866
31872
31873
31883
31889
31896
31903
31910
31911
31912
31916
31916
31918
31920
31921
31923
31928
31939
31940
31943
31949
31954
31956
31956
31956
31969
31972
31973
31973
31984
31985
31985
31991
31993
31995
31996
31998
32000
32007
32008
32009
32009
32013
32015
32016
32019
32019
32020
32026
32030
32042
32045
32046
32054
32057
32059
32070
32073
32082
32084
32095
32097
32101
32102
32104
32105
32108
32110
32110
32111
32111
32115
32119
32121
32128
32129
32130
32137
32140
32141
32145
32148
32160
32162
32166
32171
32185
32185
32186
32189
32189
32190
32193
32193
32194
32195
32196
32197
32203
32204
32205
32208
32213
32215
32218
32219
32222
32224
32242
32244
32250
32262
32264
32267
32267
32268
32270
32277
32279
32282
32288
32288
32288
32291
32294
32297
32297
32298
32300
32305
32305
32309
32317
32322
32330
32335
32336
32338
32343
32346
32348
32348
32349
32358
32361
32361
32362
32364
32364
32365
32366
32371
32376
32377
32379
32379
32381
32382
32387
32388
32396
32406
32407
32407
32409
32410
32417
32419
32421
32423
32423
32428
32428
32429
32430
32432
32432
32437
32444
32447
32450
32450
32452
32453
32454
32456
32457
32457
32461
32461
32465
32467
32469
32469
32470
32473
32481
32483
32484
32488
32488
32490
32490
32491
32491
32495
32498
32500
32505
32511
32527
32533
32534
32537
32542
32543
32548
32549
32553
32557
32558
32558
32564
32569
32570
32571
32573
32574
32577
32580
32583
32584
32588
32588
32597
32599
32600
32602
32604
32604
32605
32610
32610
32611
32613
32622
32627
32632
32633
32633
32636
32637
32640
32642
32644
32646
32647
32650
32651
32656
32658
32665
32669
32672
32675
32683
32685
32687
32688
32692
32692
32692
32697
32698
32703
32705
32710
32712
32717
32722
32723
32724
32725
32727
32729
32737
32737
32743
32743
32745
32751
32763
