1000
24
42
45
51
52
65
74
75
76
82
84
101
103
107
121
129
134
161
171
178
204
218
232
233
263
263
267
269
285
286
313
322
331
338
342
346
348
366
368
396
402
420
430
447
463
468
477
481
494
497
497
502
503
511
513
516
518
522
528
535
539
552
560
568
570
574
589
595
613
617
618
633
642
642
662
672
680
681
685
685
697
701
711
715
716
729
753
759
767
776
778
783
789
790
801
810
813
822
823
825
834
850
852
862
866
874
879
879
897
905
907
929
935
948
961
975
994
1007
1007
1011
1051
1054
1070
1085
1106
1117
1134
1137
1147
1164
1179
1181
1193
1197
1202
1205
1207
1218
1220
1226
1231
1235
1238
1244
1252
1259
1263
1263
1265
1265
1284
1284
1292
1299
1304
1307
1315
1315
1346
1351
1363
1371
1380
1385
1400
1404
1405
1413
1438
1444
1447
1453
1455
1458
1464
1465
1482
1485
1494
1500
1501
1510
1522
1535
1537
1545
1545
1549
1552
1554
1557
1558
1570
1575
1592
1611
1614
1636
1639
1644
1664
1674
1682
1690
1691
1693
1703
1720
1723
1726
1737
1741
1747
1777
1781
1789
1796
1819
1829
1833
1843
1853
1862
1872
1872
1887
1893
1904
1905
1922
1924
1929
1929
1929
1938
1945
1947
1948
1958
1958
1973
1978
1983
2025
2028
2040
2042
2054
2054
2061
2066
2077
2094
2096
2100
2119
2122
2123
2123
2124
2126
2127
2128
2136
2150
2172
2173
2177
2184
2184
2185
2186
2190
2190
2193
2209
2217
2225
2225
2232
2233
2257
2271
2278
2285
2288
2290
2292
2294
2299
2301
2312
2317
2337
2339
2347
2355
2362
2379
2385
2406
2422
2431
2436
2456
2467
2478
2482
2498
2512
2528
2543
2582
2589
2602
2608
2613
2615
2634
2648
2666
2667
2674
2682
2685
2691
2692
2695
2697
2700
2702
2705
2707
2714
2726
2727
2737
2739
2739
2747
2751
2752
2785
2792
2798
2810
2814
2825
2837
2839
2848
2859
2860
2877
2883
2885
2890
2898
2923
2956
2959
2967
2985
2990
3014
3016
3039
3055
3080
3101
3135
3150
3161
3166
3177
3184
3188
3194
3229
3231
3273
3274
3284
3293
3305
3327
3365
3379
3416
3421
3424
3432
3443
3446
3446
3446
3457
3458
3466
3469
3477
3489
3495
3497
3498
3507
3511
3608
3608
3623
3638
3639
3641
3662
3663
3674
3675
3683
3702
3713
3717
3745
3751
3780
3785
3791
3794
3813
3819
3823
3825
3826
3828
3830
3868
3869
3872
3881
3881
3883
3886
3891
3893
3900
3909
3913
3927
3932
3950
3958
3972
3980
3997
3998
4007
4031
4037
4062
4069
4077
4092
4094
4094
4098
4103
4113
4118
4138
4138
4142
4167
4174
4179
4205
4211
4217
4228
4249
4275
4284
4285
4335
4343
4349
4380
4385
4389
4395
4400
4404
4406
4423
4428
4439
4475
4492
4495
4515
4522
4524
4555
4588
4588
4589
4603
4606
4611
4611
4612
4624
4630
4642
4643
4655
4656
4656
4669
4681
4705
4719
4723
4724
4727
4731
4741
4745
4767
4777
4785
4788
4788
4822
4834
4857
4859
4862
4863
4875
4893
4899
4910
4938
4944
4954
4972
4982
4988
4989
4997
5008
5014
5016
5020
5023
5028
5054
5062
5066
5068
5078
5085
5113
5123
5125
5137
5149
5170
5180
5181
5182
5183
5185
5188
5202
5204
5209
5214
5219
5233
5249
5250
5270
5274
5281
5288
5291
5292
5294
5298
5301
5302
5311
5317
5323
5327
5359
5370
5377
5407
5408
5415
5417
5425
5429
5457
5467
5473
5477
5507
5511
5513
5532
5533
5536
5542
5556
5569
5579
5595
5596
5614
5615
5663
5665
5677
5681
5700
5708
5709
5729
5735
5740
5749
5775
5777
5790
5810
5810
5831
5846
5894
5907
5909
5912
5913
5927
5928
5959
5961
5964
5991
5994
6005
6008
6014
6020
6024
6029
6030
6033
6046
6052
6061
6064
6077
6080
6087
6115
6142
6163
6168
6180
6200
6204
6211
6216
6221
6229
6269
6282
6292
6295
6325
6325
6326
6331
6338
6359
6401
6443
6470
6490
6504
6536
6538
6555
6557
6560
6599
6603
6628
6643
6650
6652
6675
6678
6687
6690
6702
6703
6727
6746
6747
6748
6753
6756
6765
6781
6796
6796
6806
6810
6828
6831
6857
6863
6886
6907
6913
6914
6916
6935
6981
6989
7003
7004
7015
7021
7024
7064
7073
7077
7085
7099
7102
7109
7117
7161
7161
7167
7173
7190
7195
7219
7225
7227
7229
7229
7246
7255
7280
7297
7308
7315
7333
7335
7357
7373
7388
7401
7402
7410
7420
7427
7440
7445
7458
7478
7531
7534
7545
7568
7597
7601
7602
7617
7619
7637
7638
7641
7659
7681
7696
7699
7706
7718
7718
7728
7734
7755
7757
7759
7777
7781
7786
7830
7832
7840
7860
7874
7891
7893
7913
7921
7946
7997
7998
8004
8005
8023
8026
8032
8033
8033
8046
8049
8075
8075
8102
8105
8115
8117
8122
8136
8157
8166
8169
8171
8178
8213
8216
8225
8229
8238
8259
8266
8270
8278
8283
8283
8295
8300
8311
8319
8323
8341
8343
8350
8355
8357
8364
8391
8403
8423
8440
8442
8459
8462
8463
8463
8476
8477
8480
8503
8508
8509
8515
8529
8557
8558
8570
8606
8613
8638
8638
8642
8646
8674
8676
8682
8718
8741
8766
8771
8775
8781
8782
8786
8789
8795
8798
8806
8823
8826
8848
8872
8892
8895
8933
8934
8944
8963
8965
8968
8977
8982
8986
8990
8996
9005
9007
9009
9021
9029
9037
9047
9087
9091
9096
9101
9104
9109
9158
9185
9187
9205
9211
9217
9248
9253
9254
9267
9267
9289
9292
9301
9334
9350
9351
9352
9358
9360
9361
9361
9381
9384
9394
9398
9418
9426
9442
9450
9462
9463
9484
9520
9522
9524
9570
9588
9622
9629
9632
9635
9648
9684
9693
9698
9706
9708
9710
9716
9730
9761
9779
9783
9797
9800
9831
9839
9849
9868
9872
9879
9926
9967
9971
9974
9979
9993
