100
28
35
57
63
67
72
73
88
94
102
106
112
131
135
146
148
163
165
179
183
187
188
222
238
263
273
285
286
289
311
321
325
326
330
361
361
367
377
377
379
385
421
431
442
442
444
454
467
480
494
496
505
505
507
514
514
530
557
559
580
605
624
631
638
639
656
659
659
662
667
668
670
697
703
704
730
736
747
756
775
784
786
798
803
816
819
829
833
836
886
903
918
933
934
960
972
972
978
994
997
