1000
8816
2275
5617
4071
2902
7924
1335
6201
8337
7551
5347
5115
297
9213
9566
2144
8886
3922
9509
5283
549
4042
4922
4574
492
8198
201
1145
8571
4705
7758
102
8579
7417
9941
1037
5708
7210
7762
7604
2722
1788
7122
3601
5007
8704
3377
3779
735
4902
4493
4670
127
8148
4251
2421
87
7634
5577
4620
1562
4073
2244
942
8492
2077
2411
1757
3748
1304
4835
1225
738
2570
5245
2323
6706
6910
2629
946
7473
3358
5083
7606
6879
1721
9879
1546
230
7812
7113
4911
5899
9567
5727
6055
98
3209
2059
719
678
9127
2916
4177
6474
4753
6108
4761
2073
7517
1681
1078
6693
7473
456
291
3166
7571
9431
3431
4673
2899
9425
8058
3347
7915
4520
6393
7038
229
5437
8603
332
5678
5196
2309
3345
7354
5319
7818
5198
1992
1567
3111
7010
9591
3466
4047
5988
7353
8897
8291
959
9527
3577
3524
2013
3621
533
8875
2903
8408
10
4601
8411
2037
467
202
7488
1851
7702
5216
9270
644
3382
7485
5297
1752
1722
9777
5288
8803
2638
5077
9353
5720
8153
4822
8479
1734
4047
7462
7846
3786
5224
1328
5262
1524
7585
3947
4366
8350
4529
8561
427
6027
5518
6144
2218
157
9281
9040
7346
1898
6775
4246
9446
4735
7113
1656
2897
6149
2639
9314
5810
1027
9745
9289
1403
6308
1006
1135
2164
2187
6288
1814
3909
2308
4735
4231
9460
701
1109
2981
8620
2693
8562
526
9087
1219
7474
7778
1132
3002
9483
327
3460
1724
5915
5804
1994
1868
786
2557
2858
89
9915
2358
668
1432
3393
3932
6968
8976
2464
632
5739
6092
857
9077
1611
6748
1626
7596
920
7278
7821
3437
4020
2700
832
8849
6836
4229
4277
6046
2215
4016
4331
8859
5222
8653
1148
629
8477
9199
9512
8913
4442
2008
1043
2098
2451
2595
9482
637
4636
7272
2028
4779
1737
6635
2502
5984
3137
7190
7199
2634
4260
1784
4902
6171
7806
9774
8792
3979
5980
3585
407
8791
638
896
407
4990
4222
6959
1867
8782
2065
1824
1007
1995
1883
1441
6455
2656
2744
6167
5336
393
4040
1978
8981
5967
522
3904
1646
2373
8028
2974
6980
7428
2114
2060
4767
194
4405
4969
9891
9032
398
4783
4800
4227
5220
1959
9130
2202
7682
8816
5609
3362
7628
3501
2065
575
115
3469
6164
173
3126
671
5814
8798
9596
2580
1074
6116
3200
5911
7276
736
8700
7147
742
6588
9065
1653
1718
4775
6310
8874
6696
1551
2119
1561
2704
1907
6272
1436
6099
6009
4642
6907
9943
7534
2916
2849
808
9900
1830
8771
8028
3905
8979
6623
4537
5694
1765
4753
3557
1180
2701
6156
1183
6470
8402
1687
7596
2531
5017
4085
6340
7250
5895
538
3310
7852
2084
6570
3817
196
5312
2228
2605
898
9578
2528
4721
9664
2686
4117
7038
1812
2798
8254
6180
6672
2853
4638
2652
1830
2552
1009
6301
0
6766
1188
2915
1855
6209
5224
8317
1618
6917
1891
5142
3658
1785
7496
7126
5355
6684
6760
9929
486
9954
6073
9937
1141
8407
870
5768
9845
5251
6807
6536
9099
2622
7106
1134
4001
2885
9138
9820
5824
3710
1991
1758
4786
4297
6398
8720
8360
2408
7699
7518
601
9392
1060
764
364
3488
2231
1287
8968
1362
7695
4892
890
928
6235
2327
6632
3272
6416
3902
7668
3779
4760
7791
2002
4914
5722
6535
237
5066
7804
6005
2374
6514
743
9807
1871
314
266
5539
9479
1006
434
7584
3223
3563
680
5606
1677
1474
5706
43
3510
699
3823
2256
2610
1611
2501
436
2354
5353
414
3575
7749
1357
427
3809
852
2122
3446
5763
1242
4478
6790
8126
9912
40
2239
8228
4488
3465
4505
9484
1216
4606
2499
1689
9033
9773
1542
3117
9281
2221
8558
394
7182
1371
1495
9577
2308
3179
9940
6719
2008
2252
7382
1165
6278
9822
2410
4967
4464
5400
8084
7367
4616
6661
8268
770
7121
3887
6502
5643
1552
1184
9430
311
4552
5876
3107
9521
7207
1539
9307
1311
1883
6669
3367
1413
3609
8934
4081
4280
4431
5301
2259
6133
1816
3512
8306
1699
4000
4154
6043
6375
3977
6008
4381
9159
6093
4368
503
8880
2484
5210
803
2731
1625
1947
1987
3646
232
8888
2603
3840
6795
1369
6159
3823
6886
1134
6718
4821
5759
7110
4911
2039
2866
1485
9995
3680
3155
981
2236
8494
2117
9833
8916
9548
8811
2478
2721
1008
7677
4987
7488
533
9085
3675
4991
1307
2635
5456
7303
766
9766
5002
1162
9429
3267
6200
1481
8139
4979
1726
1865
9267
6048
5464
1223
616
1672
62
3898
9475
1742
9096
7944
7697
3949
9700
1739
9523
8910
7269
2485
8311
6812
6414
3394
8167
6198
6992
6510
481
7621
8321
4567
471
190
4254
531
8472
8026
1137
9925
2319
1428
3030
4572
650
1923
4331
5468
542
8761
4550
2689
984
43
108
3521
6247
4178
8958
6914
7865
7792
8822
524
5907
7495
6612
6576
2101
3575
4018
7450
6716
5543
702
5970
8394
5894
4329
249
963
1202
4603
6962
8762
4953
5017
1231
8956
3998
986
4222
6666
4558
1463
6003
3277
6883
1201
8791
2469
1913
9959
4737
4371
559
5975
3829
1911
1104
9397
9002
1292
7826
2987
6817
8067
7695
6416
2290
9950
2883
5755
9657
9710
4869
9113
7809
4814
6010
478
5231
1458
3445
2089
5059
2586
5523
4810
602
1403
7911
8344
7960
3792
7889
6286
7924
7309
1237
5287
8548
2948
7865
4202
299
1804
8030
2055
3296
3887
1267
7922
9184
4002
9238
943
535
7034
7149
3119
7371
749
7332
154
8362
1863
2151
2110
5653
4110
9203
4486
4092
40
6408
5518
6764
4204
5697
5206
5895
3926
3319
2502
5331
7647
2707
8929
8293
7916
1955
6141
4911
8581
9967
5682
7528
1737
1180
1856
2299
7008
7568
8742
4627
7841
3015
5456
2757
7382
7414
897
9582
8429
1566
