10000
8634
22956
8263
13
2342
27403
10878
26289
1192
11395
862
22649
15704
20122
21989
24251
14406
7918
25293
31390
26641
9078
16060
14972
31925
31498
16571
16011
26021
10022
13545
28861
14874
8939
10096
29668
31658
27494
23481
3610
26396
23829
17372
4704
18299
2727
3163
3461
32617
28932
4111
14922
15542
11405
18530
195
2609
5029
3519
1280
13246
23152
15431
2285
12457
9178
4294
9591
2106
9180
20965
7920
25738
14075
6561
22709
18324
4881
21243
11278
5775
30031
16369
9813
28540
29059
7086
29275
31995
18071
11518
28935
15458
23642
23812
17728
27152
20100
9775
22285
2047
10484
28522
4603
12953
14651
10131
25280
14285
6494
13615
14365
9313
22488
3676
2825
15242
24799
3334
12811
3258
3304
21342
1000
7097
30829
21640
3454
20215
2286
21908
24304
6177
17206
31408
13315
2802
22239
13468
31688
22092
792
8798
892
21383
14502
15158
18604
8201
7465
21716
13980
29974
21409
22985
21226
12778
11824
17468
7535
19461
11554
12510
10086
6599
28458
7712
9680
11068
30446
11171
791
9529
27078
28143
13297
21160
11201
10857
21383
24608
31978
3967
19159
30137
31689
15654
1878
8990
12588
12678
1242
20963
2343
28147
11960
12825
23897
26656
23593
21792
29809
7055
27635
27325
6897
20300
17221
21612
14642
25563
13282
760
2728
15727
3457
21064
23144
7773
24180
22396
26855
1487
10121
21817
24325
26301
1838
19008
29258
19225
8152
20038
7791
14154
15781
12544
6176
25052
32576
3965
23808
4982
1541
21432
1262
17164
29029
21102
14471
16981
10636
31533
28907
3712
15682
20142
25796
6435
22287
3940
18053
7540
3491
24661
14320
21947
4980
17961
5851
9479
2473
16000
1843
2336
31287
24969
24129
26814
15690
16849
21292
4600
19942
32344
6336
31999
20942
15082
17517
9996
22693
29356
9875
6551
5715
22774
30717
29130
7338
15456
171
31797
22602
8224
7124
14531
21697
32659
15659
23277
3063
28697
23394
6701
17610
5414
25580
26294
17653
6806
7176
22114
23094
10561
4859
24044
32432
2512
2460
10847
7310
27087
29462
11982
13545
30467
29418
14918
28139
17661
31795
10753
19509
12527
30254
3036
7039
14271
2553
17675
19070
29274
32155
4364
15883
11339
16453
27865
24449
18572
3032
16994
27239
26779
16294
26682
15695
2513
22653
18833
12797
3312
10722
19042
16588
23547
15514
15341
29518
8778
30319
30056
27187
19165
28464
25842
31340
14577
5882
11464
9616
28369
4534
8379
29054
5871
27619
14306
25412
9011
3222
18060
8511
30355
2238
5240
132
19684
15277
9033
383
21743
18644
14644
32730
12488
27342
1020
6560
20571
13217
26656
4515
23112
8768
20563
12571
5873
12628
4396
27791
4560
17211
13599
20473
25871
3921
17580
30245
25426
29807
24278
3930
5080
21682
13783
15164
13506
24190
17426
14833
14258
26306
19785
14467
27800
14461
16
15493
20169
32129
19329
29434
10322
9335
15666
26226
32651
26659
31588
24694
751
23529
12157
31270
26410
8592
29881
8225
27508
11335
7964
3493
30750
13541
28331
760
2922
17269
731
15110
26784
29170
8778
25675
15710
19535
10925
8435
12592
29114
15625
21056
4960
23330
31271
13101
6928
27383
25410
1617
28037
10801
13058
23301
24262
22163
17070
11721
8294
9777
20381
26596
21150
25648
13549
587
11167
19149
28024
20420
10533
16032
29188
12875
80
20258
18362
16309
16304
8302
21210
6547
22430
8772
16812
31833
31955
14419
9146
18880
6451
14264
316
4712
16106
24002
1748
25282
20922
9208
6523
22317
23187
5469
26299
15199
14693
2290
17696
14599
10546
25981
30953
22960
19047
21129
12546
24553
10092
31406
20535
15267
26490
17170
22178
7642
9133
7216
32613
28536
4698
20440
26271
12150
31906
28791
19352
31812
12871
19865
17215
19563
28607
4524
28375
6769
27271
27911
2797
2044
30650
29227
27277
15419
226
1864
12981
386
15118
4355
27146
26164
21541
14966
12490
25830
2681
32376
13570
22465
25247
22047
14081
15144
28543
12420
12812
923
24743
6086
32083
2780
19173
10066
31012
22608
24340
14177
7263
18599
822
25026
30250
22720
451
17369
30693
6086
17217
8680
7009
1184
17941
20365
14668
23176
18585
396
9200
4345
22894
27855
23070
4815
16916
22187
26212
28842
32695
31333
16006
4755
15948
26613
14124
11490
2525
16393
24537
31838
10785
29005
23324
3495
23632
23274
1802
5073
24373
30796
2539
4690
1413
31273
5940
24094
17007
28863
182
14864
25716
27485
26644
4748
29305
12580
9338
7267
24347
30479
12428
23286
1602
14129
13469
20895
10489
3390
290
25676
23421
15437
3430
11117
6547
16860
20095
16145
29983
6677
31360
15691
4851
6480
3056
4059
27109
32472
6523
13578
30756
9458
21992
4054
25292
29211
19531
847
13239
28562
11388
23873
10647
10518
15303
21523
20033
14833
15845
7151
18252
11061
27179
22308
5339
1862
16642
26056
12983
18072
21911
22689
20385
31162
24532
2886
3814
21652
10894
10625
2099
32493
12800
9208
31147
20016
1656
22540
24631
19567
18256
28418
27165
12456
18976
14432
30677
11335
16946
922
7960
12781
31798
15598
25657
6512
567
20877
7608
17699
15310
7931
13845
11351
24214
29112
16354
28449
17119
22304
4124
22366
28839
18064
21179
27381
30918
26058
19848
29532
28264
27803
17711
7774
5312
27579
14485
7195
5371
31476
26219
24144
20595
4742
20740
23768
8998
5067
13411
883
10854
17687
8857
11463
25554
17634
14926
20132
14468
14377
11165
15244
18572
14353
32549
7539
2717
17102
21340
3523
5127
13251
1063
28323
7397
1770
28840
27001
5272
27511
21335
13997
23156
27064
24661
4785
28344
8256
7677
1086
12228
23620
11195
22496
30598
4421
27425
29876
11574
29679
16183
28272
8003
15426
22035
30885
14733
21231
12458
8001
27604
28165
23782
26712
21616
24780
5625
17188
835
8945
16112
26698
26861
21220
27531
3934
17982
14207
27468
7594
12273
1256
2766
12843
31383
26808
32600
13021
8913
8541
12466
16185
1474
9405
21815
11259
32196
6683
5164
27688
14170
11071
8784
2896
21095
28881
3252
7440
9117
32263
9677
17884
10807
20352
18632
16635
3563
8559
26397
2003
14618
28923
5223
32359
25419
11494
1139
18718
8151
22893
12183
12230
17637
11120
4421
12760
16025
24275
13535
12286
8841
19492
1229
20178
6001
382
4046
30441
25895
25261
14475
5648
16593
5266
882
1493
10581
14281
30401
15178
26641
13962
16609
9221
2509
10701
6390
21611
25581
6578
3508
27439
31211
7455
13940
19989
22277
7339
31367
9212
12339
15547
25290
12315
25180
13034
10618
29323
8393
2735
31818
12805
26586
7482
9395
21230
2040
16542
2700
8080
23754
29237
17626
26027
1196
64
11497
3372
11357
30415
10140
3132
17143
21473
6401
23676
10789
18123
13864
21903
13968
32478
10550
4314
5274
19780
15285
14983
25935
7723
31534
29648
10136
3366
3066
10874
16818
6351
7765
2463
16095
14770
14772
26545
5468
24678
21081
21948
2194
7933
23844
13291
31632
415
21932
28494
18361
23153
27278
19674
27578
1211
17413
26034
9920
25419
6331
14501
21479
7700
1247
29943
6645
25371
22392
25188
17224
11924
18937
2658
21005
24135
22037
1703
9395
5177
7636
6379
16031
11401
6631
28655
2338
19096
569
15806
8360
16748
9414
818
562
23383
7856
13499
11526
17619
11151
7260
3236
7857
32521
7414
16125
31603
23716
15049
2784
19446
25047
3384
6837
32596
13927
32204
20333
23048
5873
30844
16313
18515
28098
28972
14202
12255
28143
25203
19321
1187
25763
10657
21849
9478
13491
25601
27594
16711
12408
12635
11007
21020
17885
32701
24929
25241
12471
17531
29829
12628
10069
18037
4699
27847
13656
23960
681
3829
14533
19368
11448
7249
13657
4668
9550
18907
29213
27146
22747
20108
5434
16228
9719
25588
12813
22531
31756
14882
32126
1540
21072
25284
7310
3120
2807
30607
16688
6016
5798
32737
2394
29152
27690
22949
21595
21044
10346
10616
623
28057
27290
5641
21137
11757
16562
21190
21136
12689
14367
15797
5477
30829
26296
5279
9156
25141
32755
1396
23281
25067
19033
7659
11733
2726
2359
24169
31825
22929
11927
29732
29906
24886
26990
24200
13350
14845
25623
986
6030
23535
18176
31003
29972
17856
21412
303
11806
5389
11193
1854
20548
29666
6314
6235
14431
32639
26439
8291
27618
3164
11196
28200
7278
27498
447
17103
2464
5276
7438
28791
13614
23206
15897
19484
7474
3077
24315
30394
28869
9535
11439
16821
29392
30828
8321
12920
32543
28149
19906
26972
26039
17052
14272
28620
4202
26300
17398
12712
9896
25298
7295
9702
9112
25917
5841
27263
4711
23874
29351
22409
25825
18259
1343
19872
6206
3729
9414
17291
7230
10127
26641
22301
12408
18521
3725
25944
11246
25013
9337
28121
25318
15784
14162
17776
7925
26428
11919
23566
23901
16257
7311
6628
18329
25554
7120
6089
6709
18777
3169
14044
28131
12758
17818
23403
5836
23963
4106
20244
3620
7899
31665
3626
6657
12837
26223
1115
10093
44
18109
31887
2745
11465
3739
18450
6677
5955
15049
24822
22110
12237
25146
2995
5687
18000
22982
15377
26459
13931
16415
16712
6706
5305
1542
32101
11170
16722
18111
11247
295
916
1218
31691
11046
4899
7859
93
8574
12846
4244
15856
11873
15604
21818
21848
31586
21127
31741
4821
29902
31440
18100
25659
30528
28116
25569
31312
31600
24629
6440
6518
13388
30972
29190
23946
21322
21653
18111
29963
26364
14619
12184
6015
2021
24535
14407
15122
18315
30723
26536
19841
5581
18131
28593
29750
4215
2230
6568
6069
28948
30681
17043
15926
3331
7148
31729
31123
7117
18218
9383
27749
14262
25747
3645
10858
19602
31612
586
30763
26842
3146
15405
11739
9471
10875
11006
16769
5374
30694
4037
15450
30773
25923
19433
8056
7029
23533
29675
31664
8536
13543
31315
16563
9429
8477
1771
1915
27153
26349
20012
23529
4472
6374
31990
18860
269
10704
3204
12388
30718
492
4766
8967
124
31101
25104
22148
13257
23686
3932
25511
1171
23510
11692
24637
896
3906
22538
4984
21002
27954
23251
18837
14221
23391
4457
2747
3230
15578
19497
14631
28831
8529
21149
23174
32144
31118
22002
4258
28200
30016
26540
1345
27173
28158
18584
19786
27872
905
9218
1834
31268
19793
2857
14454
5440
17723
17648
11986
11867
20386
17878
26641
31240
1180
25640
17822
26395
7806
7286
3866
9914
12706
31299
2118
31415
4455
30976
7716
15901
1658
28988
28505
23560
14932
26133
13270
10426
31748
18162
18359
20716
16943
31092
23915
21346
3669
16297
6934
14530
5461
20099
10035
32166
20788
10377
26750
25328
24602
4301
32017
6238
21661
10782
11469
30046
23362
5758
23291
13347
22849
10967
15155
25336
26761
2793
19837
32724
21764
16775
26039
29231
32540
10499
16951
22293
18302
14311
30129
21369
26654
1509
10330
24779
24187
7441
29773
18381
19236
27470
24878
15778
27259
26630
17166
22311
2745
16927
143
18055
9010
10794
1097
5898
28891
3293
23916
23342
15369
20931
21414
249
11131
29234
29255
16525
18587
31870
20131
22781
6401
22380
3511
3935
28985
23017
27920
9251
25798
2812
21225
12963
30566
7674
10644
12026
29592
32505
2587
30234
2652
902
31270
9241
8250
5019
16671
9420
27525
24267
6293
12951
18401
29120
15326
14211
25347
16359
6913
17553
9912
30058
13523
4943
1065
9567
23647
17832
1117
10303
28043
22528
16895
16025
13561
31105
12386
19463
3884
16047
21442
15970
748
25155
20173
30002
23275
2102
26977
15720
680
14108
29848
13648
10900
31667
12290
11457
30580
27324
5169
21911
16646
29961
9851
22626
9191
16856
14843
8544
27316
863
16857
31145
4719
31144
6347
16554
28197
6047
25052
22996
11726
32362
26221
8853
19573
17144
5497
1160
10649
12765
2077
30697
20946
1373
12119
2635
15032
16838
3854
15757
30208
11268
10834
21258
8168
3695
1254
22288
3286
16359
24059
148
31291
8483
2111
14627
18110
1094
790
24860
30103
12979
14631
9245
312
1315
2075
29115
16691
16885
30113
28278
26456
13765
13750
28907
22557
14911
26147
24396
25156
7989
9031
270
6583
10736
23062
6369
22967
7876
31586
23269
12853
2279
29786
4891
17536
13444
4176
4122
21281
3850
10175
9731
2307
25034
16524
23990
15320
6849
908
9286
11703
6066
11079
3755
4618
10105
20475
1463
22951
13723
13540
28236
2621
21537
31419
8651
9458
6055
23421
19151
24650
31152
21357
31260
14667
13628
23388
2002
8159
20893
6184
5351
17017
20358
9091
16595
15611
11365
20981
26509
11992
12274
6692
31671
31861
14344
340
20757
16342
30389
12586
27460
11382
22157
6837
9385
27254
31043
19119
16807
11514
1146
21247
17429
2001
12504
28035
4847
18516
20316
15373
19019
21904
14578
18859
18319
23463
23621
12588
17890
18035
24021
3295
7904
20333
32329
5022
914
8909
15110
1803
16797
24563
23808
22298
26809
30982
27088
7888
25701
13787
11016
24138
24026
24088
16323
5632
31293
20121
27776
10059
18712
32274
7472
7717
30475
13558
19853
18480
6335
31896
19374
15611
8732
2449
2264
15232
23996
9569
27800
241
30879
23385
24078
31924
30240
27832
30604
1452
8231
20500
6240
29882
18337
16379
18669
18563
26925
7387
9473
13940
2584
9759
16482
19716
24972
20123
14762
2873
8708
12330
28501
4462
30467
25237
2841
20307
2822
14775
22390
21301
10679
11999
5005
7808
21091
31094
14645
9090
20142
6882
26956
20593
8582
25001
29259
19376
25173
10202
9501
17742
22651
20649
27698
464
27387
18777
22735
560
14452
4447
6824
27941
27476
3524
5552
7589
7752
11211
2608
31400
25847
5844
790
31792
19695
1408
32400
390
27359
25110
1242
23750
18440
21029
8533
14237
17390
24939
29144
13650
15955
21494
16458
30211
7525
25481
23153
24370
1079
27713
7173
19840
19822
19576
24329
5047
7741
31722
18011
27406
9619
7702
5769
14505
23442
5096
4326
19552
21828
20628
1245
31937
137
30149
2950
17496
23636
31479
8567
17454
279
25633
4829
20367
3452
19352
28107
25872
19286
17200
28369
14545
8407
20644
7121
13312
8707
2360
270
3486
22116
4252
17542
24710
1792
32532
898
25259
10376
29398
11883
8609
13778
20659
22239
26719
3721
30714
9220
12867
11812
28058
24860
20310
20244
17030
23130
7634
20034
14686
31732
31969
25272
28491
26490
23720
32158
3115
29542
3972
26217
15854
18676
16531
26447
831
5172
13175
7678
2407
31325
12630
17549
8559
19044
18213
1715
4229
7117
14631
14135
16290
20418
20400
31143
3689
10338
24879
13389
19793
27227
15723
24159
8966
15547
24077
32374
24845
15107
95
27969
2983
28029
3155
12411
6393
7120
27847
538
11113
11730
15623
22474
19275
3741
28564
32409
25533
17893
21028
7924
1743
15241
4841
15570
15592
22887
11030
2095
25445
32629
21152
4540
24194
32270
24897
14293
8830
2697
16579
24499
22522
25104
21627
20195
8099
3759
31252
14582
14608
684
1934
21883
4333
32279
27269
4650
31322
29345
19639
13666
6030
22962
25025
1238
13760
12469
16937
17539
8263
4023
30625
8677
12032
3632
7818
24426
5104
27168
16568
21543
11306
9566
19829
5065
22515
3373
21192
21199
7717
24593
23543
23287
7889
1505
6474
9206
6440
3612
13586
25708
2204
26752
31210
12055
7490
3033
11837
28743
4987
32536
18696
24466
11987
30884
25569
14792
23593
2037
3641
22314
16145
32094
26078
29142
11894
1066
6339
12422
25732
8939
13316
18810
26052
5647
25637
20915
25481
14516
2715
3170
7564
28606
19597
20128
1747
19238
32475
19295
12759
20884
4960
23457
18405
10801
27508
5864
4037
6326
13237
20461
18330
32714
11528
18836
22025
23946
1754
14368
5789
30313
11948
25251
17770
8762
14542
30905
19953
28555
18026
28790
324
4405
3269
157
30571
18993
25026
2835
8197
19373
29096
2963
17970
14687
548
24226
2993
18458
26258
29894
8006
10911
2424
17907
12895
16565
12115
6470
29174
15484
22167
29942
1721
12798
22769
19079
24681
17671
12751
13120
20608
26935
3618
20704
14358
26709
2402
9869
19717
8934
15315
32269
14924
16126
32264
11576
8113
14679
1445
20397
13483
3232
16233
18629
4734
25367
2667
8645
27048
1626
14499
6232
9852
378
30893
28988
18701
10578
3274
25403
29773
32535
29480
11869
30838
8496
25443
13148
23721
15943
17739
8024
11221
16032
1256
32716
2267
6057
26555
21185
19952
32211
18247
26433
15170
26785
21712
8719
30942
7422
19043
31381
28625
12756
11542
17438
16013
17114
1169
5957
19599
17838
11213
28589
16703
13603
7964
20979
25112
1756
27498
3553
7176
7962
8898
28901
15386
14034
31252
31937
6994
26627
29749
30339
16856
21574
15911
25016
17754
6567
8347
15325
26283
2483
10932
3094
12976
22226
31246
6947
10876
11223
17407
26511
14010
25046
1052
10794
27211
18485
29695
32442
22577
13062
12360
1262
172
17300
12002
3475
6562
7996
27272
10250
13892
2175
26503
9210
4591
3669
30149
23362
592
17859
21506
22578
21708
16815
6238
11258
6943
15604
539
2402
11075
10930
6309
30652
22163
8423
15311
12823
7216
20804
2400
1718
23204
1081
15310
19137
17605
19027
26185
13881
7644
22471
12795
15409
263
15951
143
13116
14300
31028
6128
25122
25679
32684
15187
17623
470
20839
21879
7597
459
12645
6187
9928
1809
778
13586
30674
1274
32116
5027
29681
17768
10508
10355
21494
6707
23387
20919
8408
15819
9504
23812
12896
10015
26271
6746
1573
21693
32315
8289
699
21306
17735
9714
31528
724
20250
5337
1687
24662
7777
14810
81
21820
17594
13810
17384
21272
8318
5342
31157
15924
11485
11490
1925
27513
6193
11203
31120
13711
5260
29973
30635
27974
5779
13757
6846
10549
30352
20654
13943
14497
10178
2294
27456
15776
31224
3326
5231
12925
6494
18189
26301
24159
16534
5903
21242
32038
20746
22933
255
7830
17793
24604
30435
183
13041
16018
16498
27003
19348
4630
10970
17314
6206
9472
26792
731
23534
5153
12787
4908
21923
22860
13527
22419
21617
24340
27174
31726
20947
472
8793
7704
1603
8701
24269
4693
11272
11131
19244
18160
25680
13979
27432
2850
29310
9727
20592
15670
16837
26082
27868
9195
26870
12449
21739
30490
8342
31866
1648
23448
24372
30356
1928
22110
4089
12096
29135
31463
6017
23423
15828
22746
6889
20420
25290
27881
15658
6139
7808
6393
18085
20681
31123
26499
27391
9750
23522
7738
8494
6857
17730
25582
16852
32210
32371
32176
24524
12398
22099
26423
3843
8614
16210
19074
3466
8985
24870
6847
745
31484
29376
22124
18869
22367
28798
13500
30565
1714
674
16956
5729
6535
10243
12470
18012
20890
30978
24149
14052
526
5824
22539
12343
17657
6798
23344
7769
10787
6565
6764
21091
17163
4376
18902
28190
12331
19974
13917
11728
4989
9748
27752
1110
3134
5146
12729
15731
8178
3357
22167
6760
13480
8574
8748
7365
127
15984
24108
29566
4713
9135
17847
15937
22575
24944
23425
6919
17846
29331
27440
12778
384
18208
14853
13110
14965
21233
10943
31682
2788
29868
22716
21377
3269
18677
28258
31316
833
15841
15037
30498
15732
31405
19049
23851
5745
28592
1971
31641
13958
8846
9723
11096
31170
2735
23645
12072
8117
4591
13200
23025
10359
3479
27405
28502
748
17293
14708
29324
28741
20423
27692
22381
16586
32261
10826
18888
19927
27584
24245
32508
21797
1629
3463
17861
6475
14759
6326
18517
27525
25212
14323
13479
691
22982
10194
16144
17317
11182
21548
13079
24213
20236
450
1670
26101
28961
15138
8897
17004
10632
1231
22615
10267
10858
7324
12503
28964
16626
18521
4837
365
14848
30641
27788
6049
32546
15699
22486
12152
32704
25424
28058
22841
14998
7876
14998
10877
31591
9913
2749
11317
8432
12872
32466
27118
32540
8705
8246
1620
12662
22670
26367
30965
29155
1682
26185
22856
18321
28119
4817
23278
8747
24489
22464
24375
13647
31357
28100
16360
10305
27351
10341
14140
28129
13162
11671
2344
22746
16512
19339
20963
16413
19100
24779
7590
18318
19550
2694
11697
8444
4008
3368
3726
22871
5631
11054
25497
1565
24628
24121
3008
26390
22851
9825
904
20545
26747
25547
10320
28686
28383
28286
16602
17869
13261
24690
28423
23655
1245
17898
28386
7500
3340
10244
18144
20396
10010
9615
19815
6122
12080
3612
10124
2894
6086
13144
9505
11258
17860
25753
7663
24863
30695
18614
13376
16240
15719
2588
8353
13783
16343
2334
27365
29287
25676
2189
13421
5011
1985
2185
30631
31133
23226
17302
24789
19537
8232
499
9232
2290
21389
14119
29836
11381
31328
7644
285
19949
9395
17904
6650
15687
24851
18634
25538
31287
10160
6122
15292
6002
190
6596
12643
24094
27162
2255
14626
17798
16433
18649
31836
4883
11806
9885
27311
13944
26898
13719
28794
13868
15097
16407
30364
16413
8282
32149
3967
12963
32127
836
30038
12722
11991
8937
15778
7253
30872
11246
26107
30295
6568
17074
7693
6723
1470
16932
29409
18320
2757
23440
16222
24853
25985
26809
1551
28611
2420
9255
6182
15762
8195
15298
11713
7356
725
29088
21357
12074
13692
16156
20712
16939
8791
11816
27948
4716
7862
23780
13224
3109
31296
24431
7889
23440
7570
29692
19417
24991
31785
15657
7102
24814
23938
30349
25991
30455
16767
22416
7627
13701
25613
6272
6002
28779
9220
19937
16831
4981
20815
3588
1935
5279
9804
5339
13275
22149
28789
23051
32644
3867
11329
19779
11344
1694
6213
11468
20783
17098
927
10850
15300
29262
23444
21059
2848
11389
15480
26757
26577
22854
2510
12460
32027
21862
20913
21372
6021
9948
32627
22284
3224
21917
8579
23836
20451
15498
18068
7080
22850
26271
13819
17342
16480
19565
1881
19084
12667
1482
23931
18621
8039
17351
18558
25606
22230
9954
4919
30459
22230
17789
32722
27432
4763
30351
14264
31069
127
13466
29367
17481
6727
11485
6493
330
12968
20170
26276
9092
17418
28602
19669
15665
7307
22240
8614
2871
2887
17787
21925
24320
29399
20304
15066
23174
25879
5976
7848
12973
11308
17590
15093
27606
25798
17387
17035
17585
3491
10317
3261
17234
12373
16822
9293
6280
1860
14969
15757
19818
17654
20890
22469
28466
24718
1342
3541
11599
2963
16736
23067
7605
13555
26310
20887
7032
15688
15923
6733
29593
16473
11231
8427
21536
6116
14116
20908
12650
31643
14970
22652
5573
25196
20389
11357
3898
2309
19501
27145
12202
16792
25103
16857
21277
28891
14514
31973
8278
23636
4636
23917
30635
11731
20582
24184
17427
20544
28525
5818
25217
2454
18123
17083
4976
30256
10246
14902
10943
18756
11526
21695
29120
30381
19149
425
28556
10733
31842
5927
2969
11890
6670
7345
16014
11544
12491
5290
17749
25328
28154
2367
2674
13632
29524
24722
14740
18122
10019
15384
12650
29265
21682
26431
18360
20058
12546
6485
5034
7728
6078
3749
12904
21546
5233
15587
14826
2352
3063
9930
19982
3452
6706
4867
3048
30366
30718
10825
16217
20163
32102
16587
5859
18742
5144
20177
18875
8231
11798
23715
25632
32684
5295
26023
11756
8709
9134
30409
24425
292
17617
3103
6245
16749
16252
29133
19849
14778
12463
11303
8166
15522
16182
11030
21201
1787
24607
19645
21489
30621
16241
29532
2454
29801
8475
12916
23372
8330
20011
22316
10417
18427
25152
20467
8835
9289
3394
14183
14845
24219
7504
1653
6756
29423
25850
12738
24797
22694
20913
13898
1665
5187
18043
22856
12467
5744
3820
8021
23473
3138
32337
16083
4970
1213
3886
4492
11920
3995
5867
18839
16365
14665
25034
28028
12794
2099
19228
24471
16558
24385
9653
29890
17812
27041
2205
24110
2592
29640
21512
27282
5187
21939
648
25224
8509
21107
6786
1075
17075
4328
21471
25126
20993
4557
17923
10625
11729
18164
12803
4957
30189
12243
15634
1387
14673
8000
12093
9687
19077
3705
2649
26227
11817
8551
3385
19217
22481
16420
30500
28464
10516
27066
8069
3804
26336
9262
13797
5839
6416
11709
15895
32732
2113
21349
7346
31118
19937
4263
18373
10252
10888
23692
28613
31039
5772
18406
13514
21815
16592
20696
15355
11723
28636
3992
14663
12672
31027
8308
16727
9645
17120
28435
30656
11228
851
18174
28028
30322
13163
19806
17307
12435
26324
18440
26166
7488
32403
21942
29605
12738
27103
31639
9201
12108
26931
11275
17548
32732
1953
10919
7232
23138
15977
29056
19302
29220
30410
31654
31832
13665
24088
6382
30761
24372
16399
12021
29587
24764
23399
2913
10288
25978
25768
11114
3565
30458
11072
7322
18621
950
5331
23248
7818
19767
25298
20363
2417
381
30287
22117
14894
929
1552
27358
7893
10169
31458
25435
16836
26108
26159
23919
5333
18727
18131
16216
31960
7199
4140
29389
12608
6871
10096
15607
17436
10868
19268
22461
26185
23727
6538
12356
15334
17019
10106
28342
21769
20968
24564
11075
7856
25416
7188
29798
24571
2448
10760
2666
6040
18945
13854
29740
19838
30471
18977
20770
11486
12897
22246
3228
31318
23170
31778
22090
14953
26423
638
1023
7212
31115
15342
16564
31809
8936
15934
11472
5129
10110
11246
21415
10518
16360
32575
6720
20703
7693
2958
2907
7352
14661
10465
9394
16897
9662
15808
2432
4765
31517
6982
15936
22950
3688
24439
20919
28766
803
20948
5940
8041
30649
28205
22039
8250
20766
4535
4752
21196
27059
32350
21417
31634
10090
10332
2695
7600
15658
523
32492
17771
7029
14839
25857
22238
21576
7992
83
13551
30274
8191
30747
21634
8969
5742
16578
4077
25834
22445
16036
20139
1983
14650
1557
21844
30998
128
23713
20940
29583
28844
24472
30651
31110
27324
29643
16702
25330
21464
25232
10205
653
13798
18444
27068
9782
20057
14001
12053
30355
32585
13317
9189
31226
22217
29349
23014
16018
8309
28042
1726
28597
13642
18572
29302
23193
32187
6692
10797
9776
23040
630
19214
16972
25778
13199
31103
20999
17301
20203
22683
5474
31413
15418
5603
5676
30132
23907
23856
7206
15202
17354
18669
11364
32654
19151
8834
6134
1820
15255
1811
24008
4696
24078
17515
25543
16778
6956
563
19269
10187
5240
2920
25759
22
21707
19468
1565
14498
32343
22299
18969
18543
6631
2240
30820
799
27496
6345
7909
24328
28585
12633
7555
24967
26463
24028
10566
9623
4972
26176
2744
12450
1633
27235
7058
2455
12097
20935
18324
17980
392
25485
5301
710
24171
6817
30332
30631
9058
2610
28846
8615
484
26213
19753
12342
1137
1354
26896
11776
25814
27663
23848
6083
6061
15475
1410
21853
12579
5758
11355
18730
1790
17007
23616
27020
13278
14071
7542
6347
24514
20388
8856
12064
29135
18336
10370
27404
3917
19611
3438
15342
3059
15878
25437
6869
12132
27778
441
26003
29689
28056
23096
28691
8897
22442
5379
16364
28870
31273
14360
9781
402
26121
24044
11164
29426
23154
16213
690
22010
27065
5288
29833
14665
27278
4638
31617
10383
2423
893
95
17740
3709
19188
28063
23770
11044
18246
3340
8109
25761
25899
25485
24026
28232
24563
32578
27862
2116
30060
27599
6784
13962
4358
16632
20834
25616
12853
32623
21044
17977
4631
12265
9890
5268
19543
30839
12624
26823
3921
7188
32538
23238
6006
6266
15776
11593
31218
22075
31490
7804
653
7948
4840
12536
10447
20068
27846
242
24680
28742
28510
31154
18639
16986
19846
32583
40
19267
4139
24698
7531
31789
406
9472
5571
4261
24046
3060
4404
8366
27902
20100
29313
6417
26937
31466
5709
3572
22523
31646
3456
7086
14098
7881
22252
18906
9085
12797
23601
9386
23923
1572
13789
127
19880
28599
31448
7094
28619
5937
7936
4804
18003
11714
9488
23173
15227
23111
10182
13521
5003
29306
32325
21329
21594
21606
32696
7312
17937
29727
10808
18261
28977
29103
12528
16433
15832
19283
13694
3412
6208
32744
12445
9380
16008
13728
19969
26641
7095
14585
16259
15394
21502
26608
19326
27860
26173
23921
6777
21669
1737
28947
2054
31212
5997
24322
31465
5739
24750
11324
2173
15655
28755
6913
26452
4728
16677
17284
29982
19036
4084
9447
21452
24848
474
16998
25077
16866
32708
8403
4728
20545
27437
14402
26467
1814
4141
11781
5139
8791
30899
27355
2717
1752
1294
24932
30829
23653
28083
6360
30253
3599
4666
20473
28393
9411
14761
19526
624
12321
10229
10610
26365
12682
11462
15636
3606
15739
3963
25248
4277
18202
31854
17302
9894
18959
22393
28665
11568
18069
6073
23299
247
17361
4241
4119
12065
19554
19442
13303
16824
6457
23002
9783
11087
24235
14619
22258
5609
28612
15710
9403
6422
11231
5735
22230
7007
27251
23707
1961
25316
22832
18111
4973
6468
75
27906
24361
18109
24854
15678
3041
2197
25299
1147
27146
1720
458
12725
16706
27810
29849
13791
16446
27007
15308
9511
10500
31633
20397
32124
3418
2771
24669
13901
12158
5852
23588
32148
23319
31749
12294
17940
19052
5070
30359
2782
27604
13438
2320
27674
7021
21514
9889
2308
9489
21048
9737
15157
8838
11780
25957
5924
2549
10819
27717
21996
158
9606
29701
3152
17865
10561
19035
21244
18944
29741
16940
17421
18043
1002
9892
29140
26844
25065
25733
15063
26397
14217
23999
7961
4038
28032
6978
31388
10851
23165
20752
18723
15413
17676
26774
22332
1320
15545
1340
1150
18693
3704
14139
31504
14569
22596
20654
107
4342
7
4333
17248
15944
4538
6678
19292
8490
18637
25836
27883
16266
18633
9957
26491
31659
18740
24190
4195
8986
14517
31186
12067
27107
7032
19307
28397
9732
10452
16728
2405
24354
27691
4735
3750
1659
27922
22069
28293
27420
8882
14860
10009
15956
13934
18924
15483
15464
22983
32358
24010
19848
13180
1348
23410
13058
10229
30821
21166
5302
225
30408
12876
714
14367
21478
31921
16287
27098
20805
27420
26115
12793
5706
22063
16296
30902
23119
1963
24532
29324
29941
22907
22107
22359
18619
17908
3787
5303
15312
19803
12262
32693
13094
21671
3925
18857
17352
24969
3482
15451
3693
22442
28231
360
31053
6964
109
30951
15411
15507
11096
25421
29396
4477
13177
25230
10591
24367
19364
5765
5973
31226
18044
22678
31899
32255
31787
23186
21710
1335
14422
11482
21718
32438
17487
28616
26302
2864
24973
13386
6082
700
18522
20432
11434
2008
32460
10089
20567
19373
7158
13864
4252
26517
19295
21197
7503
28635
9396
30881
32159
9154
11193
6050
12199
24264
3205
12256
26180
12075
26607
15399
22820
13741
17476
12254
23328
12948
30267
3119
10956
25590
5674
20585
12620
6451
21881
18850
9065
8131
18519
1440
14564
27954
30637
27898
28169
10856
20304
18554
904
1070
15483
13766
12417
25838
4220
20287
15070
31674
31661
2858
27109
13456
13478
5646
1805
1501
8113
11356
24849
14143
2687
14165
1348
1423
20505
12585
8996
18463
31000
5212
20017
31552
11289
23150
4608
21512
620
19899
3211
16722
5388
12960
715
32261
21972
3039
9097
6298
2287
32325
27761
5080
29329
6026
25960
1250
3300
31864
9759
21108
23110
16975
23016
31082
10161
30569
13769
31362
21370
7962
5327
21858
27711
9434
11941
13533
15387
2726
7269
12402
5147
22179
8110
18197
27638
1029
24567
30515
10744
31535
4643
6128
10048
21787
15957
22451
17451
28157
6149
996
8464
2851
7252
32244
20270
6176
27292
414
3554
16169
2892
8301
26654
24767
6387
5759
17942
11919
32666
23688
18236
28054
18007
6937
30831
9096
5919
25379
14959
13171
30940
20407
27797
11679
28607
29967
12225
22202
30680
16594
21907
10801
3556
12180
20446
23521
14950
31644
13401
7407
21241
10475
10392
10228
26084
4730
19003
22622
1007
23746
26470
20755
23669
29057
7025
30295
24507
26812
9184
16111
23424
768
405
8326
17877
6382
14916
6993
10799
9207
20008
10479
27835
17507
13812
4755
22513
26776
32013
29284
10348
31129
19446
25636
2809
12493
30475
10512
16622
31490
25971
17160
24253
3249
25680
19184
22728
2947
14904
1622
21111
28949
3817
85
25480
2808
31544
10681
18343
15357
21835
17507
11327
25263
3336
7664
4239
2336
11469
23957
27648
16873
21090
26957
3766
22124
13356
9783
28773
10844
1699
6201
24934
30848
22022
9450
21002
19635
10317
32175
9262
24368
31583
29988
15119
13580
29573
17341
15712
10756
19998
32685
15770
18297
27797
19462
15508
3257
2961
802
14931
3200
31339
24643
18723
959
26341
27766
22246
19867
4377
12989
8365
22713
31663
32620
1157
441
27731
11988
9620
30464
20582
20255
5732
2491
23028
6523
32126
4128
26855
1659
26683
15607
5242
441
16343
4186
26864
193
5319
17849
11653
298
13388
25377
18085
12806
15433
19901
2140
19581
8530
1949
3342
24500
23301
31414
25704
5108
10909
29994
11926
10504
12228
15050
30646
13286
16297
20441
26509
24466
12883
24851
6521
13632
6709
27886
12455
12217
6658
4640
31878
7679
19650
10081
16764
6452
29734
114
31191
4536
24856
1118
8966
14226
19095
30976
27401
16913
1730
10181
21030
23218
23090
16308
5342
12101
20877
6315
29215
28492
22872
15339
8635
14500
2061
21974
3865
14183
20078
29944
11307
32016
536
14917
28831
21216
30299
24225
22874
2945
5961
12710
31778
6122
15117
30113
922
25474
7551
15581
10100
15240
14837
11301
29922
17842
30555
18052
31565
18964
23174
9807
12618
21572
12997
18277
9674
28604
29881
18102
20880
895
14183
15106
7401
4352
1932
2787
28055
23103
1328
25614
20750
13109
32638
14294
5859
626
723
24818
28545
13573
3349
22143
25374
10652
23622
4169
13549
22252
2905
70
1685
12627
28996
17763
20451
5052
30294
31619
32443
12228
21451
19653
21333
18715
29086
10246
19622
16428
22174
16552
14619
12288
24260
15249
16269
9055
11204
11638
29810
9529
994
20057
20304
12357
4871
1616
5240
16872
16916
14217
1776
5208
6262
27019
30385
17409
23547
14782
32530
25640
25315
13614
2437
18126
19515
32652
26753
31703
4710
27510
7871
19307
11261
26615
9897
12189
11993
26450
19984
4426
10605
8955
31261
19524
9817
24807
26506
16048
3645
7685
15121
26541
23499
16909
30245
22839
22049
16504
9185
330
17749
19151
21054
3658
21841
30761
11144
29346
6881
1520
17427
19372
28426
5603
28714
12241
5278
3425
13896
10225
23565
31204
12683
22532
14718
7884
30821
6914
286
4190
23445
5633
15800
12
4437
1693
21895
7670
8405
20637
29000
13234
8681
3796
22930
23624
9470
11076
15978
32129
22355
17034
7443
26210
14182
22134
14371
14067
28076
5113
21980
30021
7556
12356
14520
29618
17006
8494
1606
27751
28024
13526
4149
30240
30458
19594
13230
13875
30851
16104
17128
29648
8979
9539
11510
28807
17803
6217
22499
10762
5985
8162
24832
26933
7064
23131
14205
16971
12272
7875
17719
27267
7258
7829
6609
1731
13998
19096
19462
22443
28320
32516
1341
26325
22001
15078
27486
6491
30946
26309
23781
19354
6894
28294
13109
23094
11192
12941
32558
15455
2115
5157
29697
4946
23649
8482
29763
21282
14446
8901
30017
26808
12093
5087
11412
280
4179
16953
15349
21991
4691
7988
20306
9002
442
941
24865
10833
18380
27427
6388
26228
24015
27164
30797
21980
118
25540
18868
31941
14240
17112
1544
1378
1603
14786
9235
8482
22178
19974
1632
3890
30407
13020
31569
27715
14637
14110
876
12173
3517
19045
20982
30996
9979
23920
15299
5418
32642
8645
2124
22837
21422
27802
22786
15794
25496
16629
6882
22906
4423
17683
13898
8772
12068
9991
28939
5740
4783
13475
14015
13299
16241
10907
15197
24774
15921
32488
11274
10307
29803
10859
25138
29177
4094
13779
19672
5551
23333
3520
1066
28840
3240
25128
15193
24614
26708
5371
1191
17709
17320
31746
7106
30089
17105
31245
10832
15891
25049
13133
15051
23087
7707
24831
19855
1177
21498
2122
17457
1378
9426
6251
5907
24885
31023
13327
2357
3551
29501
10752
20046
20494
25984
24836
22300
9817
8645
15107
14328
25985
13401
13159
23981
27127
24440
15560
1162
670
27400
8649
9654
30929
7304
27965
20164
22952
27459
7567
6023
25719
17609
10080
10792
17048
30111
2929
4469
27755
2614
964
16764
24474
15386
3070
3673
2722
16236
18704
1356
4495
1170
5142
23567
20486
16941
11391
27238
15497
23371
21871
25079
4343
30175
25185
14428
23634
21870
30481
30583
25029
19978
32409
26629
26854
25476
7642
19062
25400
26846
9501
4605
2804
13311
17658
21987
24329
14762
2682
27936
8289
9649
26232
26668
13414
17254
17485
23827
4293
19027
29612
14792
5233
25387
27082
4283
29164
30976
7618
5037
3778
10933
1081
12483
31830
28855
28221
1498
28128
19176
20339
7707
20407
2780
12146
11727
25548
3656
19050
16500
1911
32183
9481
3344
1655
25471
6047
25797
7988
12020
5248
28582
7238
30683
11690
11209
10043
5666
7591
25245
14485
25038
22453
2174
18707
12084
25381
14983
10290
23404
1537
20136
7154
32003
753
10744
11741
3312
28255
20812
18758
7113
24282
26632
3791
26423
31928
4405
302
25512
13568
26324
28464
3651
4999
31602
16125
6945
2136
6653
32415
21434
7257
14294
23998
14749
22828
19751
29869
16741
26708
1911
31915
14824
11673
2684
23906
13233
24749
13104
13236
31921
27151
4391
13751
1073
1840
2591
6142
15115
31189
23513
22555
17434
18108
28711
4193
2287
18306
14151
14575
1733
5060
31855
31210
26551
1413
26793
29449
15409
23759
10209
7255
26789
18077
25660
9268
7039
19193
2988
28317
24410
26210
5058
6574
7540
21104
12227
11109
9311
16827
11517
19625
1786
4856
26971
13707
26528
16229
6200
11979
927
2152
18801
19614
4844
10354
26302
18094
20501
2858
6978
4451
15478
20680
22880
7265
29872
8382
29393
23122
10583
3998
30451
30181
4075
7224
19300
22550
24586
2050
13008
25521
12515
3774
13831
2577
19182
16726
9043
7470
16859
2059
6152
727
27336
4046
18524
11579
694
9966
31097
31918
6462
19700
25041
28330
4992
31180
25522
15892
23389
24613
22042
22721
3814
12057
20428
20025
17427
5905
10403
7099
13497
5603
9511
31105
26294
20030
94
3396
9326
28232
18405
9731
22908
27013
15934
25857
10145
2555
14188
30733
18432
7316
9149
18693
3214
15555
15592
18077
5572
874
2391
10845
4247
7420
10694
24553
4265
2783
9485
29061
23233
5140
9786
7640
13177
10521
24803
31472
1590
16142
4027
19079
30813
26136
16738
25477
15556
7939
26498
21702
15207
13355
23575
9500
24925
6556
20750
21656
11530
6264
24082
773
19093
18841
8355
24502
21660
9080
8808
18050
3367
8013
31174
11788
8923
14712
22705
19272
22129
20768
32194
3642
5222
11034
15242
23553
22259
7180
2599
10773
25663
7634
22292
24269
15572
21536
1862
6948
20047
17513
24436
20924
15964
17664
18102
20259
25058
26494
5969
5974
13435
25187
29137
15491
25639
15872
18009
4883
17729
18580
2104
26344
17074
5557
16316
5603
7780
3313
28235
13226
5626
19382
30895
6824
16318
24175
2994
3669
13274
5360
12011
21175
21964
30228
31191
23849
21012
5796
7980
603
9263
22395
17001
17818
14537
20200
19378
11601
47
24916
11739
16592
1283
19749
21187
4941
23347
11746
8675
40
31531
14999
21798
31860
23882
17275
4091
8626
27027
13008
27817
21983
4006
5387
29668
13490
6894
27701
12957
7711
5915
21137
25118
3615
22739
12415
22101
8627
32420
2464
9840
27942
32318
9531
17323
1939
4575
5599
29286
28584
6670
25674
22907
11689
18316
24970
7118
22200
8584
25698
12326
21843
15378
30191
27451
6942
13010
12683
28688
8163
15354
23538
31362
20951
26489
30116
14369
23327
24178
19594
9024
24722
14060
20699
5192
7617
12235
12609
32082
564
26879
568
1012
13303
27643
29879
27994
6998
6248
24595
4249
23524
18715
8992
17217
24258
17733
8345
29745
21021
20970
23234
26800
16889
30613
29259
20409
11821
20553
3192
8085
16815
29114
25727
29104
3858
18365
3122
20645
30285
29438
8157
11419
6078
32753
29042
27092
30831
2571
28387
15747
15255
7985
18384
19678
5476
30577
5730
17013
23287
21744
3959
19906
21425
8227
32255
16641
12205
5186
3493
16706
18317
4090
10419
15548
2426
24163
27951
7012
14182
3121
32074
23998
23188
7470
12028
7667
4187
13800
24296
10021
5159
3494
27269
5887
10944
15521
5503
15760
21199
14961
24155
12121
24222
8390
1627
15780
23327
1624
20641
18712
26672
1569
15510
8843
26141
18121
16269
28183
7270
5730
16804
15472
15811
28245
25067
20084
28006
29596
17865
14084
10624
18226
30619
20243
16134
15048
6301
12284
10933
15802
27150
10265
2900
5697
29071
23953
2361
15082
15565
4977
22286
24647
2143
17663
12245
3812
19954
2891
30250
21884
32163
262
22728
27501
26284
6295
8271
22378
4931
6252
2629
28272
7103
12686
21850
16123
13565
25721
25328
15481
32258
10282
4570
16127
20705
1913
13924
11067
6879
10409
21396
22186
32726
29502
31152
31754
19671
18446
28160
21523
32275
32667
32725
9826
23548
8864
11979
26294
29607
4330
1610
12894
28277
2665
21075
16882
3314
20103
4473
9026
18685
17848
18477
20364
25386
26963
6463
29170
24420
23968
18338
29226
13527
29234
1392
6008
13581
31863
13357
22489
28246
16525
31312
10113
3438
23639
20991
23688
602
26833
29979
31457
27795
17824
19068
31883
4710
17134
14462
27147
26523
7540
188
22297
26453
216
2331
6042
17721
1082
13835
16590
14802
21770
14857
19147
28212
1052
32360
26154
19168
10494
2386
23040
11752
20361
1290
32272
19540
25526
19571
9534
17091
4019
8406
3143
6486
16438
27872
8368
16073
17170
14570
13308
16099
13320
13438
28450
14353
11231
30998
6718
21582
26038
27174
3207
18757
20122
22109
22657
9146
13140
15912
2164
25126
132
25465
32540
8865
18676
1734
20642
26629
1574
30036
10187
14929
18223
19637
2928
9803
16840
6032
6190
24682
31139
10144
606
3826
29179
20735
29767
32609
7535
27301
7315
19210
16
14379
256
12032
14265
8405
26968
6965
24223
22480
30371
15587
31784
22968
15003
2091
30721
25438
25440
1277
17259
17863
20333
25399
11477
15224
7627
6673
4528
8944
3716
5816
25215
17015
18267
15929
11565
30998
20666
18081
8612
231
24300
11106
17563
9871
15244
16633
17583
6664
25406
11214
9654
15524
11165
15964
13904
4174
1396
657
958
11283
12080
29304
16376
23010
27541
9237
19961
16784
4273
27793
26718
17695
782
16023
5679
29248
28972
18429
25085
11542
25390
4775
1837
30781
29396
11432
2451
32267
16297
7083
27459
16150
29566
8082
29859
2550
27414
2140
17093
8268
22307
9036
4084
11523
26993
839
27277
28629
25186
10367
19985
16913
4762
19278
21111
22684
9467
20068
26055
26422
17620
7205
17380
2303
29781
29517
8361
4666
10055
26326
14392
12112
30202
5403
14735
29976
31870
23101
16221
18005
14869
454
19219
12929
1257
15244
30269
12745
26107
22489
19987
25176
29020
3784
3403
10968
28319
22258
10290
26166
25998
3914
24315
31910
25372
70
19031
3560
2715
30784
5702
4297
18223
1819
24364
3052
12675
7465
25895
19402
32186
4428
2464
14840
1449
21084
19232
14761
17219
18377
13157
11635
20308
9602
27574
2646
14451
14101
27507
7162
17969
26135
29936
24120
31895
32710
21635
4060
29648
32237
5596
25257
22562
22280
9109
27806
9763
6569
1290
15992
30505
22298
11883
17272
29186
8516
5904
20070
13285
8143
2572
30678
17833
139
25860
12714
28981
18191
14658
13272
2872
16288
773
9838
1306
6484
27419
11475
23346
27510
18098
13903
13113
10797
18796
14285
16126
20057
7601
13024
14172
13502
22345
11781
873
30820
29738
552
24561
19517
24462
8553
6947
6153
11081
15135
14473
23671
29530
24861
4414
8845
8128
4661
17499
31305
30863
19963
2994
19593
16450
5579
18623
1064
18515
32526
24027
21098
13321
15032
10163
4762
23954
13845
11001
4337
4433
14534
19033
14522
4985
9223
6319
28084
9179
14131
7031
5304
29692
32137
4484
3995
17259
18736
4598
12374
5713
24441
5990
26468
14922
14949
19299
12652
3443
871
9762
2080
15301
11114
13937
23141
26273
17430
9709
20404
27307
32335
19829
23232
14300
29183
28126
24409
28627
4886
24808
28560
15980
30671
22129
25628
8340
21556
29161
21500
3420
20196
23558
12126
13644
4884
7353
448
19449
17364
20832
8021
4057
13459
4925
16810
1111
2790
8743
22409
4643
11653
10111
3102
460
9366
9574
18776
1168
20271
26157
14738
16243
4630
13
3187
3214
25547
16665
786
26282
22984
6000
1886
13069
6919
18871
21182
23956
23493
5063
26612
31490
18054
31650
25671
26008
30297
29356
27617
2022
26205
5912
13686
18912
31364
10656
31014
21556
1431
2937
18085
7643
28794
22662
1689
30702
26290
29132
11075
3004
11300
3110
21602
32537
31
5945
27220
13049
12701
4267
29823
20541
18630
6032
12015
5836
27062
21541
9024
8934
21632
1985
18623
7349
9843
22792
28620
1573
16540
12386
31875
6902
30603
14508
13467
30480
28762
22573
9357
30486
20204
13771
24569
1853
6515
7806
8518
21599
30005
24326
3210
4939
8335
26073
6569
21088
20026
16736
27072
2394
17869
20066
3012
23403
28035
10945
29798
16270
8511
16484
11578
792
31437
31860
32537
23183
28523
1739
7108
29888
26248
3497
2761
17420
11723
31145
23979
29187
28247
7668
28477
12596
1870
14517
12879
24898
29075
22477
21388
14651
4309
30151
12963
27686
5577
25358
30373
31707
21942
20317
16814
11800
15159
1912
18376
22480
13373
15130
19724
29382
16723
24366
20235
12635
2598
65
23916
1188
6980
6456
26070
18624
12580
16958
30480
2921
13415
19457
16230
8392
19293
6942
19023
31374
9419
22489
16718
30016
24555
17938
13334
4050
13749
22901
11249
16760
18269
23024
3682
25017
13853
11370
4873
22213
26676
5042
20680
32264
7983
32181
9764
767
17255
12533
238
6219
2251
28214
18722
18180
20703
23162
29455
18511
28165
17712
31928
7475
11260
7849
23163
22696
16806
13003
5872
20465
4110
31753
10772
9516
21161
8851
19367
24616
9436
31689
17618
2422
191
7670
1293
31683
6945
23611
32320
24421
16588
16073
3112
1075
6409
19283
27389
3482
29031
12740
338
9453
30393
12589
316
9725
32606
18689
9398
31210
19141
2692
2372
5176
23087
7809
28375
17957
18103
21307
24049
23610
14480
18087
30985
14881
25487
216
32049
26806
11497
4795
13814
19040
24125
3332
26760
27042
2517
25448
31259
5613
1065
4109
21900
17081
5796
2879
21576
23764
20395
27492
11882
2553
5084
16690
13859
1700
21651
1055
25183
5669
4019
8985
27813
14579
31907
3448
1599
7492
2710
18481
26780
32218
5136
25420
17650
25376
27558
25496
22311
31349
9733
29853
8178
30664
17717
30418
2622
13669
10527
15888
32719
1550
26957
5191
12583
27982
31730
21616
5291
12810
20010
12738
24834
32601
12674
32553
1726
1942
17083
2804
27966
23987
11723
25293
30418
30927
29477
5103
4129
5643
4666
15251
20168
27802
15680
31659
25412
26648
31282
10195
25106
23837
21784
16005
10260
27665
1928
652
24119
1602
14701
18619
24659
18739
16135
19934
2899
9272
30771
10481
13973
31807
13549
11664
23700
16881
17171
21167
14020
11770
2411
29067
20669
6052
21480
28896
22172
6571
13609
12381
8870
31053
8515
18517
20015
928
9664
29111
18875
21800
25320
10816
16482
16297
10815
26863
19065
16954
26190
30394
13166
18331
12198
16255
22260
7880
13091
12093
22880
25038
19822
28548
16211
16094
32709
6442
10394
22432
8703
11840
12882
10953
30154
28740
17488
15344
32568
26264
19904
28062
18042
10547
13579
16804
26347
17303
32511
29617
3920
17411
28970
8739
22365
19177
13190
31006
3708
11938
13660
5083
26571
1889
22882
2115
10083
14182
11558
20669
13536
17268
12208
2116
14110
3972
27491
11452
7488
21435
26405
23430
14583
23962
12992
15442
19969
29045
4743
3636
15087
24614
3644
2811
7980
9474
26417
5310
8763
8204
14766
25015
16448
16489
19859
6740
16322
13076
23102
7564
13487
27091
16815
24432
13472
3690
1770
5634
8287
13838
925
10313
9895
26908
8451
5029
25642
21259
6152
15201
17624
11936
31918
22151
2655
16992
6319
28664
7150
331
22884
11451
831
9159
21733
19606
15060
19675
10866
6363
12673
3997
16914
13701
10026
26862
12153
2179
18126
356
15407
11092
8644
19336
23791
6868
28741
21058
5710
6486
15147
19345
5277
30450
21240
17279
31503
13345
14362
29525
11807
12935
22638
6411
7468
26639
17922
25346
20326
18493
19231
17398
14318
22464
32647
17198
5433
7751
17147
7413
24502
27286
16640
18254
2992
7385
25059
12004
8821
27448
19707
16448
30392
21675
24622
4414
30772
13840
16566
16066
27282
13691
26917
21159
909
30669
22695
17912
13396
21640
18312
29539
8751
31713
1270
3562
4710
17175
25095
28636
19807
2820
19966
22020
15622
29938
1994
23328
19057
22959
2255
18325
16069
14052
3305
2400
11091
1698
23470
26704
7431
13630
14068
19058
7939
10591
4756
7373
20615
4693
31085
13392
4628
28844
17323
15113
3537
3329
585
32152
7981
20757
17364
11490
24006
14112
5746
26634
20362
17256
27428
8861
1563
15377
15944
15116
11128
4919
10594
21856
16859
14138
16923
20009
6877
15705
27274
22967
18912
6787
30387
9101
5550
24169
19277
531
11614
9432
22985
4747
9336
12614
7567
20806
31321
26795
32395
536
12504
7570
15592
32009
13865
25199
18971
13133
9730
22067
13092
119
9725
7966
16
7145
24894
2004
11459
16015
26453
29364
7924
20685
29285
5989
15737
13493
22662
16049
3269
126
11369
28823
29871
15665
20795
18587
4981
32166
1483
25697
16896
25007
10990
8314
11625
22931
18723
6014
10685
15806
6515
5979
8701
3766
5531
236
18793
29009
21357
17870
29182
15142
12148
30831
11326
9025
2775
8807
5167
27419
8319
21772
28582
5065
13692
10304
453
29555
10405
7054
14275
16136
9599
3446
4843
23600
32353
15620
29672
3970
29141
2472
11071
23288
24384
25921
29469
8351
11974
11387
13907
23955
28776
22875
18591
4395
30319
17432
29741
9329
28430
26157
93
26069
16707
21420
5575
27938
12542
24277
9085
31664
3717
6631
10639
11484
29975
11062
3285
2741
23759
10110
22504
23288
972
26231
3442
14399
29327
1449
28584
19317
8100
3458
24852
14733
30341
27814
17048
6515
17851
15750
29360
1603
22598
2612
20983
8634
15935
630
28909
6890
2236
22553
19191
3377
31988
13703
12967
19307
676
668
21310
27495
20913
27574
27503
9624
8974
24331
9574
23821
26848
29760
12297
25507
20960
29239
32126
20090
7169
26408
19181
28325
31316
1779
21895
16934
4648
17332
24775
28953
21365
21656
29175
11055
12411
7920
25847
31070
30886
13700
15930
22487
23221
25130
24081
11321
21019
28055
31020
27652
933
6516
31325
1872
19806
181
12704
27583
3504
21030
29785
13232
26059
6470
4828
21941
31563
2393
18226
26696
32020
32441
283
19897
28545
10861
13135
23659
959
7164
1545
22336
32371
7555
4806
19026
29091
5638
3402
8164
19923
26116
32229
408
3694
29262
28916
23010
1384
20761
16298
2492
2594
19793
22033
9883
3982
13360
6731
21666
26003
8464
22814
4374
10675
15229
23472
275
10987
7055
2702
6269
17626
18550
16883
11576
30246
1367
15176
19100
13852
24663
12263
22819
19862
14325
6436
28261
14114
10908
12686
22855
19040
9336
7026
15983
13996
32650
20641
22779
4349
27127
16243
13170
30989
1702
14604
27898
6587
31753
5342
24268
2221
25915
11631
13798
18745
22860
6749
21759
30342
31961
19359
4800
22766
20959
27149
10289
27303
14800
8483
25458
4003
24039
13826
29355
1204
29113
4023
23365
18932
1038
5312
29019
3172
20974
460
25451
21203
20479
7619
11858
29186
24078
28422
3447
3077
22763
22008
15174
7916
32378
12477
5600
26275
22535
27714
31760
5655
7898
9853
30338
11162
20235
17910
303
25737
23704
10886
2332
5164
16053
23390
29252
25053
17763
22092
14802
12909
27972
25658
2196
16579
9646
5880
18861
10694
15614
21563
6538
28542
26415
4581
8471
14197
4779
10118
12594
18532
32608
22819
12896
2827
19479
32567
15550
4705
28161
28664
27707
28397
18067
3547
17669
20852
19348
8026
15425
16596
30069
21493
14591
26416
26592
6775
8557
14925
2195
11386
18506
828
30831
29485
20126
2362
8908
10581
19881
25556
22288
24210
23833
14415
8320
16356
18816
26182
20566
18797
3844
26517
28179
17785
27737
26486
534
15547
8684
21738
28270
15321
12641
29787
18925
4652
12608
13439
29053
28097
2283
19071
17335
30883
10452
22873
15026
23388
4844
10371
22553
18617
18271
11729
6017
30414
27006
28312
23289
10554
12540
31764
1506
12460
31582
3847
14849
934
4525
1699
27346
21633
30318
20138
15135
18610
20436
28884
22738
13643
16947
21873
19208
1221
20152
30543
26214
10748
2648
3806
23472
17531
16646
30866
5271
23034
22825
23177
21203
18725
2893
19822
17778
22943
16920
3229
2160
3399
13952
29063
17031
5818
7228
15960
21832
6425
29304
31704
21355
5388
19661
28303
12644
9990
10352
26413
25655
31435
8618
29225
25228
6192
7560
10919
15366
27938
15315
13471
15057
14570
9538
8764
17274
15535
2543
18562
26372
21821
25608
18228
23352
25093
21191
18421
19772
7524
8612
14509
16999
18984
20425
1326
31572
23120
11206
5144
3381
29459
22406
2809
9578
29220
18561
7609
11091
22581
6196
27958
13410
15546
14542
14635
32372
12015
25133
26966
25697
10268
19208
12762
209
29463
622
22242
29522
11531
32111
21383
31656
17273
11545
26612
24420
4988
12454
21191
19897
3665
30707
14779
13706
1814
27188
1412
16839
3538
25831
13563
28666
31670
9990
27515
29981
5283
31873
16011
25775
25068
15851
1725
19975
10844
30835
14294
17383
11131
21015
1070
596
30733
32276
20314
9893
8156
21921
13321
11739
1207
26844
8492
11568
187
7173
21082
30963
16849
9450
10098
11666
32376
31906
8066
20217
26565
6526
31463
29210
31911
1341
18614
9421
8816
9087
25435
2011
9873
15485
8320
20309
3493
8182
14385
7467
21426
29805
10045
27129
427
1681
4319
28708
15417
11517
25501
19750
12218
5153
17777
19750
32139
1664
2855
5324
3714
1309
16134
7507
28351
17455
31410
14048
5797
24604
6225
1298
17699
24229
32493
10714
20280
20574
3609
4749
2230
9826
27864
6967
10822
4164
16314
31795
22700
30281
2632
13816
12620
25556
16290
28470
32749
30241
18023
31010
446
9014
29653
28173
22934
27927
16946
7740
6528
21818
18026
16116
1399
9274
10489
4052
29550
22991
9739
27240
27796
22782
22754
28666
29653
9357
22137
18859
5540
16314
23399
11971
9464
1837
4357
9542
18836
5674
11731
12488
17292
3083
29976
25473
2053
17902
22985
1444
6972
24747
18604
18157
19402
5897
23997
11897
13094
20529
2257
15579
8043
29282
25977
29804
19035
19943
18985
15330
420
13382
21146
20261
9315
4027
26988
12894
6631
3812
5392
23376
9655
14526
3045
1259
15574
31952
21409
24862
16453
5030
28659
7406
16586
17281
25703
27333
12272
23885
3465
1804
8783
1491
5453
27387
1805
7984
1710
8624
30885
26246
17558
29567
2791
6641
26622
23434
14913
15037
18774
31633
24636
16342
14631
523
20809
19583
11255
13941
1982
16199
23917
8170
28
11577
11957
31220
10899
7508
17446
27554
5576
6203
9762
13530
14037
24621
26942
17905
29329
25910
8611
30073
19475
18855
9653
18522
23665
2757
25586
37
30669
8638
20508
25508
9107
12513
11162
30134
16892
4365
11548
3673
5847
21354
19326
2569
2440
2904
12271
841
18513
29861
4946
19071
12496
18947
2788
4100
8649
24505
2079
29820
6694
22168
4063
29539
18748
31537
27844
23529
29776
9541
24791
19456
21850
11133
6768
25011
22280
16219
28759
5817
20998
17777
10537
31306
12157
32209
20989
15665
5338
4292
26696
17443
31952
21439
23294
13391
24992
23186
9978
11830
23704
10467
4768
10941
24281
6107
19649
11904
26462
17439
29374
18282
23098
6146
16881
2179
23841
17913
30792
30728
23850
18255
10291
9153
8659
13081
961
20367
4422
365
25350
29253
2523
3791
2495
29880
29917
29676
28729
26394
30353
1419
4974
8323
24436
4288
4209
31953
17093
10082
3853
11442
22083
4288
16297
19455
32568
12944
28783
12876
12470
1576
32174
12733
32545
28145
8572
14363
3309
32536
26271
1574
13481
4998
17070
28973
5181
14355
7027
25309
23920
19190
15252
2903
4013
24192
31346
31109
32518
13323
6994
3501
19577
25389
10171
31302
13170
305
18718
18187
20626
23751
26045
2639
17839
8698
1221
19600
24348
31331
15805
19022
7722
32156
14116
2077
19694
1528
30806
27898
32581
15729
4784
22235
9494
30434
26100
23946
4567
10103
1007
14258
7507
5217
30553
30266
16810
2254
29180
2515
23193
10264
9753
18125
27131
12348
20231
23343
1424
16527
11549
27398
20990
30892
30930
18173
12053
945
4387
28974
31063
25515
26933
25656
1208
4430
31036
20626
13474
17386
13979
17439
21820
30106
22349
28674
6636
30655
25731
179
25883
11180
24718
15442
15672
13219
1024
23356
4863
12289
22030
20189
15611
23733
9273
27333
19529
8950
7470
9213
7840
29494
4842
23195
20878
31569
10273
24980
31492
3339
27873
14546
19221
18617
11891
11654
31483
24638
32386
21696
11611
1593
13694
5181
9162
23933
29763
11647
28047
31938
26870
32547
29610
23194
23344
28784
1558
13734
17247
15148
20044
19721
29033
1971
19208
32029
1682
3914
14671
5221
18079
14512
3761
29891
1083
25334
26828
21739
11419
21137
5649
13848
13918
29870
7115
25086
30647
27845
23900
1279
10189
8305
18634
14497
3938
13695
11387
4672
11443
13892
6717
2560
20128
20532
31626
19974
27405
24753
15113
21992
13448
17441
10071
19041
13100
6979
29448
5450
25797
31427
30185
11717
10293
14604
5000
29884
30742
20061
27383
13706
14496
31519
13260
7927
7373
10358
27756
18538
26300
14102
15754
5978
1875
12376
14058
6406
24873
3468
18795
9318
12963
2449
8772
22625
27485
12452
19342
19008
28875
8822
13827
30819
5664
14977
4101
21810
19310
4763
3554
32343
18447
5068
1878
29739
13381
2397
3665
25965
5661
27185
25339
25402
1433
19545
26869
4409
27661
14050
482
9751
21194
17905
28967
20531
1274
21779
11502
21146
2251
9166
16497
28213
13264
10364
9077
27457
24228
1369
11028
22272
31696
21466
30656
18862
5614
14912
1157
18615
30991
32622
15246
6439
2907
4343
13291
5730
6391
12156
31890
24853
5932
13621
6307
31340
8901
10957
4336
8070
15800
7795
16060
31014
4105
28974
13251
29611
12268
3696
25467
21314
13610
16879
29082
22618
7109
8112
18904
2136
14815
12900
25846
28300
19672
25592
24319
26980
25015
21608
17102
22496
7371
4820
11984
15174
9362
27861
14091
8471
13273
18449
10335
26945
5925
14861
4364
15510
6482
21059
12917
18301
9082
19061
16420
3304
5144
4416
4109
25990
4461
25332
8215
32569
23331
25763
5336
28874
24369
30072
5536
13788
5630
10826
10682
10014
27081
10097
31470
17093
11592
19673
8522
22842
25999
26709
23587
29199
27444
25141
23638
32056
9905
6170
979
9336
27657
23049
15965
20761
14767
15807
22411
14816
24227
15428
29203
3392
19422
19907
1095
3022
5360
30617
32224
9973
25576
172
31483
30699
25716
16382
10337
8931
27209
14722
15627
31365
22213
32046
11494
30619
467
31825
30931
22797
10768
18727
16370
15
12332
29866
30240
23705
8594
32428
25534
32279
22091
3107
21173
7267
9759
22468
3254
11504
30974
4307
3783
22600
13983
7225
5627
25528
22887
27607
27008
25417
10380
24602
1503
18419
23930
26575
3456
7694
14454
21049
8813
4105
18561
1889
3415
350
27263
6830
21982
21957
17304
27573
12301
14505
15071
18770
25380
30936
13873
19192
3483
19582
7776
21573
27235
4436
28305
30426
31599
23829
21219
9833
15731
29234
6738
29455
18668
27846
32730
15845
1120
15308
3807
7122
19431
14992
9932
23203
12778
32355
25083
23645
15659
11411
25557
15569
18437
27802
21050
30066
25846
19094
32291
29540
27738
7673
32645
21461
6009
18562
18553
14992
19652
24940
29595
30415
348
8421
20911
27217
21460
8129
31371
26285
17464
16240
25905
29926
11598
20013
19259
15167
25371
15225
23420
30033
6825
28872
32740
12890
32520
8826
15012
19928
6035
11532
24211
22103
25460
21136
9936
22151
20075
27738
29097
13457
25291
25853
8892
7083
23749
3702
28764
9195
744
10406
8247
11352
26601
11270
30517
6983
31136
11414
24739
30949
340
26902
4240
6160
31032
23161
9591
16747
23349
22423
3359
5297
19690
8482
12480
5193
19698
27099
11367
3867
17765
12037
5531
23715
10145
29978
5441
8003
30026
15550
22717
222
23183
17393
7770
7586
15791
26504
24812
4389
26556
14558
26292
22964
10912
7111
14211
1512
10333
197
15906
24697
8089
3967
6386
3671
24921
21870
24016
21239
21517
19674
21819
28395
10189
20485
28857
19638
8162
19622
118
28638
5512
19352
27695
23107
6130
8404
29518
23470
19855
22429
14423
32685
31372
12026
7042
3487
20634
14953
10410
20235
27633
31442
7269
4150
8596
954
17525
3828
727
185
16223
19390
14879
12078
24409
28933
9450
8241
13417
17606
20239
22217
460
22623
13126
5727
8853
27297
25834
30067
8598
12326
1790
2190
2179
30180
13423
14712
10837
20995
15768
7850
27885
22252
24331
26374
22010
31907
21903
11718
24348
13398
29541
19123
21834
23094
6864
29335
18289
31109
16852
15348
18525
5872
25405
23542
2013
29984
227
12199
1826
1932
6957
25954
27753
1937
16852
23178
14810
24516
8681
379
27567
24967
13594
25537
16792
30938
30257
5257
14174
21108
16093
10068
28871
10259
12981
32499
7355
10000
23418
2223
5028
9526
23196
14280
13595
6100
21504
21793
18624
273
30209
30521
26217
18304
17077
13917
10624
11252
32369
28956
13222
20886
26511
13564
17052
3124
7022
8043
23908
26844
19643
19192
23715
9386
12015
7363
21066
1502
15129
1586
5237
19249
12766
3814
28564
9578
32446
15086
17352
28460
24729
8506
4496
5906
31601
18002
14756
28670
14193
3912
29729
23469
4398
24810
17127
911
16174
16189
25407
5078
20647
295
706
11469
10632
27756
15222
32364
32701
19932
6969
16937
15791
25034
14947
1808
28171
8383
9639
1046
5317
17520
7994
25771
6492
6382
31543
17294
9823
28189
6979
18405
8752
15719
19821
6285
9480
22449
4695
6575
4155
12174
3739
10388
10942
5043
11112
18874
26342
28076
10860
32039
13682
22733
12535
11517
2508
9578
3677
27215
29580
7243
16796
27699
28990
5722
574
1304
24677
15519
20609
602
11968
1134
20662
10772
12491
15327
30183
19254
16777
14975
16316
5079
3969
2629
3999
8652
15110
7368
22815
377
10684
24750
12690
3815
13144
19304
767
