100
856
184
611
687
605
277
916
842
868
311
572
644
819
161
728
593
22
649
710
435
463
206
260
445
119
831
760
246
414
950
1
367
912
134
326
144
609
544
174
624
770
372
551
892
763
502
763
890
451
599
136
318
351
790
575
941
591
654
40
160
279
930
923
819
501
358
690
399
902
583
181
252
382
950
502
219
743
849
663
315
177
707
192
538
700
270
61
967
50
877
575
390
872
550
754
675
190
952
911
482
